1517627702.41	10472.5
1517627762.42	10476.9
1517627822.42	10475.7
1517627882.42	10469.3
1517627942.42	10473.6
1517628002.42	10473.3
1517628062.42	10473.7
1517628122.42	10469.7
1517628182.42	10472.8
1517628242.42	10471.6
1517628302.42	10472.5
1517628362.43	10471.1
1517628422.43	10469.1
1517628482.43	10470.2
1517628542.43	10467.7
1517628602.43	10479.3
1517628662.43	10474.2
1517628722.43	10469.2
1517628782.43	10471.6
1517628842.43	10476.7
1517628902.43	10460.2
1517628962.44	10454.9
1517629022.44	10459.4
1517629082.44	10458
1517629142.44	10463.6
1517629202.44	10460.3
1517629262.44	10456.5
1517629322.44	10456.4
1517629382.44	10458.4
1517629442.44	10453.3
1517629502.44	10454.4
1517629562.45	10462
1517629622.45	10458.1
1517629682.45	10459.5
1517629742.45	10464.5
1517629802.45	10458.9
1517629862.45	10462.7
1517629922.45	10455.2
1517629982.45	10460.3
1517630042.45	10457
1517630102.45	10463
1517630162.46	10465.2
1517630222.46	10459
1517630282.46	10460
1517630342.46	10457.9
1517630402.46	10457
1517630462.46	10457.7
1517630522.46	10457.1
1517630582.46	10460.1
1517630642.46	10463.3
1517630702.46	10460.1
1517630762.47	10466.5
1517630822.47	10461.4
1517630882.47	10459.2
1517630942.47	10460.4
1517631002.47	10460.2
1517631062.47	10462.3
1517631122.47	10460.2
1517631182.47	10457.8
1517631242.47	10460.2
1517631302.47	10460.5
1517631362.48	10455.7
1517631422.48	10464.2
1517631482.48	10456.7
1517631542.48	10458.3
1517631602.48	10460
1517631662.48	10460.6
1517631722.48	10459.7
1517631782.48	10460.5
1517631842.48	10464.1
1517631902.48	10458.4
1517631962.49	10464.4
1517632022.49	10453.5
1517632082.49	10459.2
1517632142.49	10458.8
1517632202.49	10461.5
1517632262.49	10452.8
1517632322.49	10460
1517632382.49	10465.8
1517632442.49	10459.4
1517632502.49	10460.8
1517632562.5	10460.2
1517632622.5	10456
1517632682.5	10460.4
1517632742.5	10458.3
1517632802.5	10458.9
1517632862.5	10452.7
1517632922.5	10463
1517632982.5	10461.9
1517633042.5	10456.6
1517633102.51	10450.2
1517633162.51	10454.3
1517633222.51	10460.2
1517633282.51	10453.4
1517633342.51	10454.7
1517633402.51	10457.7
1517633462.51	10457.1
1517633522.51	10455.8
1517633582.51	10455.4
1517633642.51	10462.7
1517633702.52	10456.5
1517633762.52	10453.7
1517633822.52	10456.7
1517633882.52	10462.6
1517633942.52	10456.4
1517634002.52	10459.1
1517634062.52	10457.7
1517634122.52	10455.1
1517634182.52	10453.2
1517634242.52	10459.6
1517634302.53	10463.5
1517634362.53	10453.2
1517634422.53	10459.1
1517634482.53	10459.5
1517634542.53	10459.4
1517634602.53	10453
1517634662.53	10455.1
1517634722.53	10457.9
1517634782.53	10456.1
1517634842.53	10459.2
1517634902.54	10455.2
1517634962.54	10461.4
1517635022.54	10453.6
1517635082.54	10457.1
1517635142.54	10457.9
1517635202.54	10458.2
1517635262.54	10457
1517635322.54	10455.8
1517635382.54	10452.5
1517635442.54	10458.1
1517635502.55	10457.1
1517635562.55	10455.1
1517635622.55	10458.2
1517635682.55	10453.5
1517635742.55	10453.7
1517635802.55	10454
1517635862.55	10458.6
1517635922.55	10458.6
1517635982.55	10453.7
1517636042.55	10453.7
1517636102.56	10455.5
1517636162.56	10453.1
1517636222.56	10461.9
1517636282.56	10456.8
1517636342.56	10455.7
1517636402.56	10456.9
1517636462.56	10452.7
1517636522.56	10453.5
1517636582.56	10450.3
1517636642.56	10456.9
1517636702.57	10456.8
1517636762.57	10458.7
1517636822.57	10450.4
1517636882.57	10453.4
1517636942.57	10454.4
1517637002.57	10462
1517637062.57	10456.8
1517637122.57	10456.7
1517637182.57	10464.2
1517637242.57	10463.9
1517637302.58	10456
1517637362.58	10464.1
1517637422.58	10457.3
1517637482.58	10463.5
1517637542.58	10464.3
1517637602.58	10458.9
1517637662.58	10460.8
1517637722.58	10457.1
1517637782.58	10460.1
1517637842.58	10461.7
1517637902.59	10462.8
1517637962.59	10454.9
1517638022.59	10456.7
1517638082.59	10460.6
1517638142.59	10458.9
1517638202.59	10456.2
1517638262.59	10460.8
1517638322.59	10456.7
1517638382.59	10460.5
1517638442.59	10459.4
1517638502.6	10463.1
1517638562.6	10459.3
1517638622.6	10460.2
1517638682.6	10459.2
1517638742.6	10460.4
1517638802.6	10456.6
1517638862.6	10460.6
1517638922.6	10461.1
1517638982.6	10456.2
1517639042.6	10462
1517639102.61	10457.6
1517639162.61	10463.4
1517639222.61	10463.1
1517639282.61	10460.3
1517639342.61	10462
1517639402.61	10461.5
1517639462.61	10462.1
1517639522.61	10464.9
1517639582.61	10463.9
1517639642.61	10461.3
1517639702.62	10466.1
1517639762.62	10463.9
1517639822.62	10462.8
1517639882.62	10462.6
1517639942.62	10461.1
1517640002.62	10465.1
1517640062.62	10455.7
1517640122.62	10463.7
1517640182.62	10460
1517640242.62	10464.6
1517640302.62	10460.5
1517640362.63	10465.5
1517640422.63	10465
1517640482.63	10464.7
1517640542.63	10465.3
1517640602.63	10465.3
1517640662.63	10464.3
1517640722.63	10461
1517640782.63	10463.1
1517640842.63	10465.3
1517640902.63	10460.6
1517640962.64	10466.3
1517641022.64	10464.2
1517641082.64	10465.5
1517641142.64	10464.2
1517641202.64	10466.7
1517641262.64	10464.4
1517641322.64	10463.5
1517641382.64	10462.1
1517641442.64	10465.3
1517641502.64	10464.5
1517641562.65	10465.3
1517641622.65	10467.4
1517641682.65	10464.8
1517641742.65	10461.1
1517641802.65	10463.2
1517641862.65	10465.7
1517641922.65	10467.7
1517641982.65	10461.6
1517642042.65	10466.4
1517642102.65	10460.3
1517642162.66	10466
1517642222.66	10468.1
1517642282.66	10461.2
1517642342.66	10468.9
1517642402.66	10464.5
1517642462.66	10466.7
1517642522.66	10463.3
1517642582.66	10466.1
1517642642.66	10464.3
1517642702.66	10465.5
1517642762.67	10466.7
1517642822.67	10469.7
1517642882.67	10464.5
1517642942.67	10466.9
1517643002.67	10464.3
1517643062.67	10465.8
1517643122.67	10461.8
1517643182.68	10464.2
1517643242.69	10466.4
1517643302.69	10467.9
1517643362.7	10466.2
1517643422.71	10465.8
1517643482.71	10462.5
1517643542.72	10468.4
1517643602.72	10465.7
1517643662.72	10464.8
1517643722.72	10467.5
1517643782.72	10466.2
1517643842.73	10471.1
1517643902.74	10470.7
1517643962.74	10465.8
1517644022.75	10466
1517644082.75	10467.3
1517644142.75	10466.3
1517644202.75	10465.6
1517644262.75	10465.6
1517644322.76	10467.4
1517644382.77	10464.9
1517644442.77	10468
1517644502.77	10470.3
1517644562.77	10464.6
1517644622.77	10467.1
1517644682.77	10469.1
1517644742.78	10471.1
1517644802.78	10469.7
1517644862.78	10469.4
1517644922.79	10470.9
1517644982.79	10469.6
1517645042.79	10468.2
1517645102.79	10470.4
1517645162.8	10465.2
1517645222.8	10469.9
1517645282.81	10471.4
1517645342.81	10466.7
1517645402.81	10463.9
1517645462.81	10470.1
1517645522.82	10470
1517645582.82	10469.7
1517645642.82	10467.5
1517645702.83	10464.4
1517645762.83	10469.2
1517645822.83	10470.9
1517645882.83	10469.9
1517645942.83	10466.4
1517646002.85	10469.7
1517646062.85	10471.8
1517646122.85	10468.2
1517646182.85	10470.6
1517646242.85	10466.5
1517646302.85	10468.3
1517646362.85	10469.1
1517646422.85	10470.2
1517646482.85	10468
1517646542.86	10469.7
1517646602.86	10469.8
1517646662.86	10467.1
1517646722.86	10468.7
1517646782.86	10468.1
1517646842.86	10467
1517646902.86	10468.5
1517646962.87	10470.6
1517647022.87	10469.8
1517647082.87	10467.4
1517647142.87	10471.4
1517647202.87	10472.9
1517647262.87	10467.9
1517647322.88	10467.7
1517647382.88	10468.8
1517647442.88	10464.6
1517647502.88	10464.9
1517647562.88	10469.1
1517647622.88	10471.2
1517647682.88	10469.9
1517647742.88	10465.4
1517647802.89	10466.9
1517647862.89	10467.2
1517647922.89	10470.2
1517647982.89	10468.7
1517648042.89	10465.1
1517648102.9	10469.3
1517648162.9	10469.7
1517648222.9	10469.6
1517648282.9	10472.2
1517648342.9	10469.1
1517648402.9	10472.2
1517648462.9	10470
1517648522.92	10475.1
1517648582.92	10468.6
1517648642.92	10471.9
1517648702.92	10469.3
1517648762.92	10474.5
1517648822.92	10474.7
1517648882.92	10468.8
1517648942.93	10471.2
1517649002.93	10475.4
1517649062.93	10475.9
1517649122.93	10472.9
1517649182.94	10470.4
1517649242.96	10470
1517649302.96	10469.2
1517649362.96	10468.3
1517649422.96	10471.7
1517649482.96	10469.6
1517649542.96	10469.1
1517649602.97	10480.4
1517649662.98	10472.1
1517649722.98	10473.8
1517649782.99	10474.3
1517649842.99	10474.4
1517649902.99	10470.6
1517649962.99	10472.7
1517650022.99	10474.6
1517650082.99	10476
1517650142.99	10467.7
1517650202.99	10471.1
1517650263.0	10470.9
1517650323.0	10469.6
1517650383.0	10470.1
1517650443.0	10472.4
1517650503.0	10471.4
1517650563.0	10473.1
1517650623.0	10473
1517650683.0	10470.7
1517650743.0	10467.5
1517650803.01	10475.2
1517650863.01	10472.9
1517650923.01	10469.6
1517650983.01	10468.1
1517651043.01	10474.6
1517651103.01	10465.6
1517651163.01	10473.3
1517651223.01	10475.6
1517651283.02	10472.8
1517651343.02	10474.6
1517651403.02	10471.1
1517651463.02	10473.7
1517651523.02	10473
1517651583.02	10471.8
1517651643.02	10474.4
1517651703.02	10474.9
1517651763.02	10476.2
1517651823.02	10471.9
1517651883.03	10472.5
1517651943.05	10472.4
1517652003.05	10474.1
1517652063.05	10474.3
1517652123.06	10473
1517652183.06	10473
1517652243.06	10476.1
1517652303.06	10475.5
1517652363.06	10474.1
1517652423.07	10473.9
1517652483.07	10474.9
1517652543.07	10470.3
1517652603.07	10478
1517652663.07	10472.6
1517652723.07	10477.9
1517652783.07	10469.2
1517652843.08	10472.4
1517652903.08	10469.4
1517652963.09	10474.5
1517653023.09	10471.8
1517653083.09	10475.5
1517653143.09	10472.8
1517653203.1	10476.3
1517653263.1	10476
1517653323.1	10477.6
1517653383.11	10472
1517653443.11	10475.6
1517653503.11	10472.9
1517653563.11	10472.7
1517653623.11	10471.4
1517653683.11	10473.1
1517653743.11	10467.8
1517653803.11	10474.9
1517653863.11	10466.7
1517653923.12	10471.8
1517653983.12	10471
1517654043.12	10476.3
1517654103.12	10474
1517654163.12	10470
1517654223.12	10470.1
1517654283.12	10472.5
1517654343.12	10472.6
1517654403.12	10475
1517654463.12	10475.4
1517654523.12	10471.6
1517654583.13	10471.4
1517654643.13	10473.2
1517654703.13	10473.2
1517654763.13	10475.9
1517654823.13	10472.5
1517654883.13	10474.7
1517654943.13	10473.6
1517655003.13	10477.2
1517655063.13	10474.5
1517655123.13	10470.4
1517655183.14	10474.2
1517655243.14	10478.2
1517655303.14	10476.8
1517655363.14	10474.5
1517655423.14	10473.5
1517655483.14	10475.9
1517655543.14	10474.8
1517655603.14	10476.6
1517655663.14	10480.8
1517655723.14	10472.3
1517655783.15	10476.9
1517655843.15	10477.6
1517655903.15	10473.3
1517655963.15	10469.3
1517656023.15	10471.9
1517656083.15	10474.5
1517656143.15	10468.7
1517656203.15	10475.5
1517656263.15	10473.2
1517656323.15	10475.9
1517656383.16	10481.4
1517656443.16	10475.2
1517656503.16	10479.8
1517656563.16	10478
1517656623.16	10474.4
1517656683.16	10477.9
1517656743.16	10475.8
1517656803.16	10478.1
1517656863.16	10474.4
1517656923.16	10474.2
1517656983.17	10476.8
1517657043.17	10474.2
1517657103.17	10476.3
1517657163.17	10478.3
1517657223.17	10474.8
1517657283.17	10472.3
1517657343.17	10478.7
1517657403.17	10473.5
1517657463.17	10475.4
1517657523.17	10474
1517657583.18	10475.6
1517657643.18	10479
1517657703.18	10472.3
1517657763.18	10478.2
1517657823.18	10478.5
1517657883.18	10479.1
1517657943.18	10475.3
1517658003.18	10472.1
1517658063.18	10471.7
1517658123.18	10474.1
1517658183.19	10480.8
1517658243.19	10476.9
1517658303.19	10474.9
1517658363.19	10479.1
1517658423.19	10472.9
1517658483.19	10477.3
1517658543.19	10473.8
1517658603.19	10478.3
1517658663.19	10471.5
1517658723.19	10476.5
1517658783.2	10475.9
1517658843.2	10477.6
1517658903.2	10474.1
1517658963.2	10477.9
1517659023.2	10477.8
1517659083.2	10476.8
1517659143.2	10478.2
1517659203.2	10471.7
1517659263.2	10477.7
1517659323.2	10473.6
1517659383.21	10472.2
1517659443.21	10472
1517659503.21	10476.7
1517659563.21	10474.4
1517659623.21	10474.8
1517659683.21	10473.2
1517659743.21	10478.2
1517659803.21	10475.3
1517659863.21	10477.3
1517659923.21	10473.9
1517659983.22	10473.4
1517660043.22	10476.9
1517660103.22	10471.1
1517660163.22	10472.6
1517660223.22	10472.8
1517660283.22	10472.1
1517660343.22	10472.4
1517660403.22	10476.4
1517660463.22	10474.8
1517660523.22	10474.9
1517660583.23	10476.6
1517660643.23	10473.4
1517660703.23	10475
1517660763.23	10472.7
1517660823.23	10466.1
1517660883.23	10470.9
1517660943.23	10472.9
1517661003.23	10476.9
1517661063.23	10476.4
1517661123.23	10477.4
1517661183.24	10474.8
1517661243.24	10472
1517661303.24	10479.1
1517661363.24	10475.7
1517661423.24	10475.3
1517661483.24	10471.3
1517661543.24	10472.7
1517661603.24	10478
1517661663.24	10477.5
1517661723.24	10479
1517661783.25	10476.2
1517661843.25	10475.3
1517661903.25	10471.4
1517661963.25	10474.1
1517662023.25	10475
1517662083.25	10472.7
1517662143.25	10477.4
1517662203.25	10475.9
1517662263.25	10475.5
1517662323.26	10475.4
1517662383.26	10476.6
1517662443.26	10475
1517662503.26	10472.9
1517662563.26	10472.3
1517662623.26	10474.7
1517662683.26	10471.3
1517662743.26	10472.7
1517662803.26	10472.7
1517662863.26	10472.2
1517662923.27	10471.2
1517662983.27	10471.5
1517663043.27	10468.9
1517663103.27	10469.5
1517663163.27	10471.1
1517663223.27	10468.5
1517663283.27	10473.2
1517663343.27	10469.8
1517663403.27	10473.6
1517663463.27	10476
1517663523.28	10472.8
1517663583.28	10475
1517663643.28	10475.5
1517663703.28	10474.4
1517663763.28	10473.2
1517663823.28	10471.1
1517663883.28	10474.5
1517663943.28	10474.5
1517664003.28	10472.8
1517664063.28	10473.6
1517664123.29	10477
1517664183.29	10473.2
1517664243.29	10475.1
1517664303.29	10473.7
1517664363.29	10477.8
1517664423.29	10475.8
1517664483.29	10472.7
1517664543.29	10472.8
1517664603.29	10473.1
1517664663.29	10477.4
1517664723.3	10476.3
1517664783.3	10476.8
1517664843.3	10469.8
1517664903.3	10475.1
1517664963.3	10475.2
1517665023.3	10473.3
1517665083.3	10475.6
1517665143.3	10474.1
1517665203.3	10475.8
1517665263.3	10475.2
1517665323.31	10476.6
1517665383.31	10475.2
1517665443.31	10479.7
1517665503.31	10474.9
1517665563.31	10475.9
1517665623.31	10472.6
1517665683.31	10471.4
1517665743.31	10474.5
1517665803.31	10476.4
1517665863.31	10473.3
1517665923.32	10477.8
1517665983.32	10476
1517666043.32	10475.3
1517666103.32	10476.2
1517666163.32	10475.2
1517666223.32	10475.7
1517666283.32	10478.2
1517666343.32	10477.8
1517666403.32	10476.8
1517666463.32	10480.8
1517666523.33	10476.4
1517666583.33	10480
1517666643.33	10480.7
1517666703.33	10478.4
1517666763.33	10481
1517666823.33	10478.2
1517666883.33	10477.4
1517666943.33	10477.5
1517667003.33	10476.9
1517667063.33	10475.9
1517667123.34	10478.7
1517667183.34	10476.1
1517667243.34	10477.2
1517667303.34	10478
1517667363.34	10477.2
1517667423.34	10476.7
1517667483.34	10477.7
1517667543.34	10479.7
1517667603.34	10481.6
1517667663.34	10477.3
1517667723.35	10477.7
1517667783.35	10479.9
1517667843.35	10480.4
1517667903.35	10470.8
1517667963.35	10478.8
1517668023.35	10479.2
1517668083.35	10478.1
1517668143.35	10478.7
1517668203.35	10478.9
1517668263.35	10477
1517668323.36	10478.4
1517668383.36	10477.9
1517668443.36	10478.7
1517668503.36	10478.6
1517668563.36	10473.3
1517668623.36	10479
1517668683.36	10476.2
1517668743.36	10479.3
1517668803.36	10477.3
1517668863.36	10476.9
1517668923.37	10480.5
1517668983.37	10482.2
1517669043.37	10477.5
1517669103.37	10476.3
1517669163.37	10480.3
1517669223.37	10479.1
1517669283.37	10478.4
1517669343.37	10478.3
1517669403.37	10475.6
1517669463.37	10471.9
1517669523.38	10473.8
1517669583.38	10477.6
1517669643.38	10476.9
1517669703.38	10476.7
1517669763.38	10478.7
1517669823.38	10478.4
1517669883.38	10476.9
1517669943.38	10477.2
1517670003.38	10482.2
1517670063.38	10481.2
1517670123.38	10473
1517670183.39	10477.9
1517670243.39	10480.8
1517670303.39	10480.1
1517670363.39	10477.1
1517670423.39	10480.9
1517670483.39	10477.4
1517670543.39	10475.3
1517670603.39	10477.7
1517670663.39	10480.2
1517670723.39	10474.9
1517670783.4	10472
1517670843.4	10475.9
1517670903.4	10477.2
1517670963.4	10474.4
1517671023.4	10478.3
1517671083.4	10480.1
1517671143.4	10479.1
1517671203.4	10475.8
1517671263.4	10475.7
1517671323.4	10477.7
1517671383.41	10482
1517671443.41	10476.3
1517671503.41	10469.7
1517671563.41	10475
1517671623.41	10477.6
1517671683.41	10476.8
1517671743.41	10478.4
1517671803.41	10477.2
1517671863.41	10474.8
1517671923.41	10473.2
1517671983.42	10478
1517672043.42	10476.3
1517672103.42	10475.3
1517672163.42	10476
1517672223.42	10476.3
1517672283.42	10476
1517672343.42	10478.5
1517672403.42	10475.9
1517672463.42	10482.7
1517672523.42	10474.7
1517672583.43	10473.1
1517672643.43	10477.6
1517672703.43	10476.6
1517672763.43	10479
1517672823.43	10476.1
1517672883.43	10477.6
1517672943.43	10480.8
1517673003.43	10479.3
1517673063.43	10479.5
1517673123.43	10481.9
1517673183.44	10479.2
1517673243.44	10476.2
1517673303.44	10478.3
1517673363.44	10481.4
1517673423.44	10476.4
1517673483.44	10475.4
1517673543.44	10477.4
1517673603.44	10479.4
1517673663.44	10478.7
1517673723.44	10481.1
1517673783.45	10479.2
1517673843.45	10475.8
1517673903.45	10476
1517673963.45	10478.2
1517674023.45	10476.5
1517674083.45	10478.2
1517674143.45	10480.2
1517674203.45	10475.6
1517674263.45	10477.3
1517674323.45	10474.9
1517674383.46	10474.4
1517674443.46	10473.4
1517674503.46	10476.7
1517674563.46	10476.1
1517674623.46	10475.6
1517674683.46	10473.1
1517674743.46	10473.9
1517674803.46	10476.5
1517674863.46	10474.8
1517674923.46	10474.4
1517674983.47	10472.7
1517675043.47	10477.8
1517675103.47	10473.7
1517675163.47	10476.5
1517675223.47	10474.3
1517675283.47	10474.6
1517675343.47	10476.2
1517675403.47	10477.1
1517675463.47	10476.1
1517675523.47	10472
1517675583.48	10477.4
1517675643.48	10473.8
1517675703.48	10477
1517675763.48	10477.7
1517675823.48	10475.9
1517675883.48	10469.6
1517675943.48	10472.3
1517676003.48	10475.9
1517676063.48	10476.3
1517676123.48	10474.2
1517676183.49	10475.1
1517676243.49	10476.4
1517676303.49	10477.2
1517676363.49	10474.7
1517676423.49	10471.7
1517676483.49	10474.9
1517676543.49	10475.5
1517676603.49	10476.9
1517676663.49	10474.5
1517676723.49	10478
1517676783.5	10472.9
1517676843.5	10477.6
1517676903.5	10472
1517676963.5	10469.2
1517677023.5	10474.7
1517677083.5	10475.3
1517677143.5	10477.5
1517677203.5	10476.4
1517677263.5	10471.7
1517677323.51	10475.7
1517677383.51	10475.5
1517677443.51	10475.7
1517677503.51	10475.3
1517677563.51	10473.6
1517677623.51	10474.8
1517677683.51	10472.3
1517677743.51	10477.4
1517677803.51	10473.1
1517677863.51	10475.1
1517677923.52	10474.4
1517677983.52	10475.3
1517678043.52	10469.7
1517678103.52	10474
1517678163.52	10475.2
1517678223.52	10469.4
1517678283.52	10472
1517678343.52	10471.6
1517678403.52	10475.4
1517678463.52	10476.2
1517678523.53	10475.6
1517678583.53	10473.3
1517678643.53	10476.7
1517678703.53	10473.3
1517678763.53	10471
1517678823.53	10475.3
1517678883.53	10476.3
1517678943.53	10473.4
1517679003.53	10475.8
1517679063.53	10474.1
1517679123.54	10472.1
1517679183.54	10470.3
1517679243.54	10473.8
1517679303.54	10475.1
1517679363.54	10473.4
1517679423.54	10473.2
1517679483.54	10474.3
1517679543.54	10476.3
1517679603.54	10472.1
1517679663.54	10472
1517679723.55	10473.3
1517679783.55	10471.4
1517679843.55	10471.3
1517679903.55	10473.2
1517679963.55	10469.2
1517680023.55	10469.3
1517680083.55	10472.7
1517680143.55	10471.5
1517680203.55	10469.9
1517680263.55	10472.2
1517680323.56	10469.5
1517680383.56	10474.1
1517680443.56	10472.8
1517680503.56	10468.9
1517680563.56	10467.6
1517680623.56	10472.6
1517680683.56	10470.2
1517680743.56	10473.3
1517680803.56	10472.5
1517680863.56	10472.6
1517680923.57	10468.6
1517680983.57	10473.4
1517681043.57	10472.1
1517681103.57	10470
1517681163.57	10469.7
1517681223.57	10468.2
1517681283.57	10472.4
1517681343.57	10468.8
1517681403.57	10469.5
1517681463.57	10468.8
1517681523.58	10469.5
1517681583.58	10468.2
1517681643.58	10467.7
1517681703.58	10469.7
1517681763.58	10468.4
1517681823.58	10471.4
1517681883.58	10472.5
1517681943.58	10472.5
1517682003.58	10470.4
1517682063.58	10468.7
1517682123.59	10466.3
1517682183.59	10470.2
1517682243.59	10470.2
1517682303.59	10472
1517682363.59	10470.4
1517682423.59	10467.2
1517682483.59	10463.3
1517682543.59	10468.3
1517682603.59	10467.2
1517682663.59	10471.7
1517682723.6	10466.5
1517682783.6	10465.4
1517682843.6	10470.6
1517682903.6	10467.9
1517682963.6	10465.5
1517683023.6	10469.4
1517683083.6	10467
1517683143.6	10466.6
1517683203.6	10465.1
1517683263.6	10468.8
1517683323.61	10467
1517683383.61	10465
1517683443.61	10466.7
1517683503.61	10463.7
1517683563.61	10469.4
1517683623.61	10462
1517683683.61	10464.9
1517683743.61	10464.6
1517683803.61	10468.6
1517683863.61	10466.7
1517683923.62	10468.7
1517683983.62	10466
1517684043.62	10466.7
1517684103.62	10463.3
1517684163.62	10467.7
1517684223.62	10465.2
1517684283.62	10471.5
1517684343.62	10467.6
1517684403.62	10462.1
1517684463.62	10466.1
1517684523.62	10468.4
1517684583.63	10465.6
1517684643.63	10466
1517684703.63	10467.1
1517684763.63	10467.6
1517684823.63	10467.2
1517684883.63	10468.4
1517684943.63	10468.3
1517685003.63	10471.6
1517685063.63	10470.7
1517685123.63	10475.1
1517685183.64	10473.6
1517685243.64	10477
1517685303.64	10472.5
1517685363.64	10478.6
1517685423.64	10477.3
1517685483.64	10480.5
1517685543.64	10484.6
1517685603.64	10486.2
1517685663.64	10489.2
1517685723.64	10487.5
1517685783.65	10492.5
1517685843.65	10490.7
1517685903.65	10494.9
1517685963.65	10495.8
1517686023.65	10498.7
1517686083.65	10500.5
1517686143.65	10498.7
1517686203.65	10498.6
1517686263.65	10507.2
1517686323.65	10508.5
1517686383.66	10508.8
1517686443.66	10512.7
1517686503.66	10513.5
1517686563.66	10514.1
1517686623.66	10518
1517686683.66	10518.9
1517686743.66	10518.5
1517686803.66	10521.9
1517686863.66	10521.9
1517686923.66	10522.8
1517686983.67	10523.1
1517687043.67	10520.9
1517687103.67	10518.9
1517687163.67	10517.6
1517687223.67	10517.5
1517687283.67	10517.1
1517687343.67	10516.4
1517687403.67	10519.3
1517687463.67	10514.1
1517687523.67	10515.5
1517687583.68	10514.7
1517687643.68	10515.3
1517687703.68	10513.4
1517687763.68	10509.7
1517687823.68	10511.7
1517687883.68	10511.5
1517687943.68	10512.9
1517688003.68	10511.3
1517688063.68	10509.4
1517688123.68	10512.5
1517688183.69	10510
1517688243.69	10507.3
1517688303.69	10511.1
1517688363.69	10505.8
1517688423.69	10508.7
1517688483.69	10508.6
1517688543.69	10509.1
1517688603.69	10505.7
1517688663.69	10506.4
1517688723.69	10503.2
1517688783.7	10508.1
1517688843.7	10502.5
1517688903.7	10509.3
1517688963.7	10507.6
1517689023.7	10503.3
1517689083.7	10504.2
1517689143.7	10500.2
1517689203.7	10501.3
1517689263.7	10505.7
1517689323.7	10502.2
1517689383.71	10502.3
1517689443.71	10502.6
1517689503.71	10504
1517689563.71	10503.1
1517689623.71	10502.4
1517689683.71	10504.5
1517689743.71	10499.4
1517689803.71	10503.8
1517689863.71	10502.6
1517689923.71	10500.5
1517689983.72	10497.4
1517690043.72	10501.9
1517690103.72	10499.9
1517690163.72	10499.7
1517690223.72	10499.9
1517690283.72	10498
1517690343.72	10496.2
1517690403.72	10500.2
1517690463.72	10503.5
1517690523.72	10506.3
1517690583.73	10501.3
1517690643.73	10505.3
1517690703.73	10504.6
1517690763.73	10504.6
1517690823.73	10508.2
1517690883.73	10509.1
1517690943.73	10509.5
1517691003.73	10510.6
1517691063.73	10514.7
1517691123.73	10515.7
1517691183.74	10514.9
1517691243.74	10514.9
1517691303.74	10517.7
1517691363.74	10519.2
1517691423.74	10521.8
1517691483.74	10521.7
1517691543.74	10521.8
1517691603.74	10526
1517691663.74	10527.8
1517691723.74	10528
1517691783.75	10528.2
1517691843.75	10529.8
1517691903.75	10535.3
1517691963.75	10541.4
1517692023.75	10535.8
1517692083.75	10537.7
1517692143.75	10543.2
1517692203.75	10541.9
1517692263.75	10546.3
1517692323.76	10548.5
1517692383.76	10546.4
1517692443.76	10553
1517692503.76	10555.2
1517692563.76	10550.6
1517692623.76	10550.5
1517692683.76	10552.2
1517692743.76	10552.4
1517692803.76	10548
1517692863.76	10549
1517692923.77	10550
1517692983.77	10546.3
1517693043.77	10547.3
1517693103.77	10540.4
1517693163.77	10543.1
1517693223.77	10540.9
1517693283.77	10538.8
1517693343.77	10541.8
1517693403.77	10538.3
1517693463.77	10535.9
1517693523.78	10539.2
1517693583.78	10534.2
1517693643.78	10536.2
1517693703.78	10534.9
1517693763.78	10535
1517693823.78	10534.9
1517693883.78	10531.9
1517693943.78	10532.4
1517694003.78	10532.6
1517694063.78	10530.3
1517694123.79	10529.4
1517694183.79	10530.1
1517694243.79	10529.8
1517694303.79	10527.8
1517694363.79	10531.1
1517694423.79	10528.2
1517694483.79	10530.1
1517694543.79	10528.2
1517694603.79	10527.3
1517694663.79	10521.9
1517694723.8	10524.2
1517694783.8	10523.2
1517694843.8	10525.7
1517694903.8	10526.5
1517694963.8	10522.7
1517695023.8	10521.5
1517695083.8	10524.1
1517695143.8	10519.8
1517695203.8	10527.9
1517695263.8	10525.3
1517695323.81	10527.5
1517695383.81	10528.5
1517695443.81	10530.8
1517695503.81	10527.4
1517695563.81	10532.1
1517695623.81	10535.4
1517695683.81	10536.8
1517695743.81	10536.5
1517695803.81	10537.3
1517695863.81	10538.4
1517695923.82	10538.3
1517695983.82	10540.1
1517696043.82	10540.3
1517696103.82	10544.9
1517696163.82	10544.7
1517696223.82	10547.9
1517696283.82	10550.5
1517696343.82	10549.2
1517696403.82	10551.2
1517696463.82	10553.4
1517696523.83	10554.6
1517696583.83	10557.1
1517696643.83	10559
1517696703.83	10558.7
1517696763.83	10562.3
1517696823.83	10563.6
1517696883.83	10563
1517696943.83	10569.8
1517697003.83	10569.8
1517697063.83	10569
1517697123.84	10572.2
1517697183.84	10576
1517697243.84	10572.7
1517697303.84	10572.1
1517697363.84	10571.4
1517697423.84	10569.6
1517697483.84	10567.6
1517697543.84	10572.4
1517697603.84	10568.8
1517697663.84	10565.4
1517697723.85	10564.3
1517697783.85	10562.6
1517697843.85	10561.4
1517697903.85	10560.4
1517697963.85	10561.4
1517698023.85	10560.8
1517698083.85	10557.3
1517698143.85	10558.2
1517698203.85	10556.7
1517698263.85	10554.5
1517698323.86	10554.5
1517698383.86	10555.7
1517698443.86	10553.3
1517698503.86	10551.5
1517698563.86	10553.8
1517698623.86	10548.6
1517698683.86	10551.5
1517698743.86	10549.2
1517698803.86	10551
1517698863.86	10544.8
1517698923.87	10548.4
1517698983.87	10546.1
1517699043.87	10543.8
1517699103.87	10545
1517699163.87	10547.3
1517699223.87	10544.6
1517699283.87	10542.3
1517699343.87	10541.8
1517699403.87	10543.6
1517699463.87	10539.1
1517699523.88	10543.8
1517699583.88	10541.4
1517699643.88	10541.6
1517699703.88	10540.7
1517699763.88	10540.5
1517699823.88	10540.5
1517699883.88	10541.1
1517699943.88	10546.7
1517700003.88	10541
1517700063.88	10544.6
1517700123.88	10545.5
1517700183.89	10545.1
1517700243.89	10546.7
1517700303.89	10548.9
1517700363.89	10548.2
1517700423.89	10547.5
1517700483.89	10548.3
1517700543.89	10548.2
1517700603.89	10551.6
1517700663.89	10552.2
1517700723.89	10552.9
1517700783.9	10555.7
1517700843.9	10555.9
1517700903.9	10558.2
1517700963.9	10558.6
1517701023.9	10560.1
1517701083.9	10560.9
1517701143.9	10563.4
1517701203.9	10565.3
1517701263.9	10562.5
1517701323.9	10566.5
1517701383.91	10569
1517701443.91	10571.8
1517701503.91	10570.3
1517701563.91	10571.5
1517701623.91	10576.8
1517701683.91	10574.4
1517701743.91	10578.1
1517701803.91	10577.6
1517701863.91	10582.3
1517701923.91	10578.4
1517701983.92	10580.4
1517702043.92	10582.5
1517702103.92	10579.5
1517702163.92	10580.2
1517702223.92	10581.6
1517702283.92	10583.4
1517702343.92	10579.8
1517702403.92	10580
1517702463.92	10574.7
1517702523.92	10577.7
1517702583.93	10575.8
1517702643.93	10575.4
1517702703.93	10572.7
1517702763.93	10575.2
1517702823.93	10573
1517702883.93	10571.6
1517702943.93	10575.5
1517703003.93	10573.6
1517703063.93	10570.3
1517703123.93	10569.1
1517703183.94	10567.1
1517703243.94	10569.2
1517703303.94	10567
1517703363.94	10565.2
1517703423.94	10563
1517703483.94	10564.3
1517703543.94	10565.3
1517703603.94	10564.7
1517703663.94	10560.6
1517703723.94	10560.4
1517703783.95	10558.3
1517703843.95	10560.3
1517703903.95	10557
1517703963.95	10557.1
1517704023.95	10556.4
1517704083.95	10556.2
1517704143.95	10554.6
1517704203.95	10554.4
1517704263.95	10555.3
1517704323.95	10553.1
1517704383.96	10552.1
1517704443.96	10551.2
1517704503.96	10551.5
1517704563.96	10552.2
1517704623.96	10549.3
1517704683.96	10552.9
1517704743.96	10553.7
1517704803.96	10554.6
1517704863.96	10554.6
1517704923.96	10557.7
1517704983.97	10560.6
1517705043.97	10558.5
1517705103.97	10559.3
1517705163.97	10559
1517705223.97	10563.1
1517705283.97	10565.5
1517705343.97	10560.7
1517705403.97	10563.4
1517705463.97	10565.7
1517705523.97	10565.4
1517705583.98	10565.8
1517705643.98	10569.7
1517705703.98	10571.8
1517705763.98	10576.5
1517705823.98	10570.5
1517705883.98	10575.9
1517705943.98	10574.5
1517706003.98	10579.3
1517706063.98	10580.7
1517706123.98	10581
1517706183.99	10582.5
1517706243.99	10585
1517706303.99	10585.8
1517706363.99	10586.5
1517706423.99	10589.2
1517706483.99	10590.6
1517706543.99	10591.2
1517706603.99	10589
1517706663.99	10589.5
1517706723.99	10587.4
1517706784.0	10586.6
1517706844.0	10584.5
1517706904.0	10586.2
1517706964.0	10583.3
1517707024.0	10582.5
1517707084.0	10583.8
1517707144.0	10581.1
1517707204.0	10578.4
1517707264.0	10580.6
1517707324.01	10576.4
1517707384.01	10578.3
1517707444.01	10577
1517707504.01	10574.9
1517707564.01	10575.4
1517707624.01	10572.2
1517707684.01	10572.7
1517707744.01	10573.4
1517707804.01	10572.2
1517707864.01	10573.5
1517707924.02	10568.1
1517707984.02	10567.6
1517708044.02	10568.5
1517708104.02	10567.1
1517708164.02	10568
1517708224.02	10569.9
1517708284.02	10565.9
1517708344.02	10564.8
1517708404.02	10566
1517708464.02	10562.7
1517708524.03	10561.9
1517708584.03	10562.6
1517708644.03	10560.8
1517708704.03	10558.3
1517708764.03	10559.5
1517708824.03	10560
1517708884.03	10559.2
1517708944.03	10556.1
1517709004.03	10555.7
1517709064.03	10554.2
1517709124.04	10554.5
1517709184.04	10553.1
1517709244.04	10554.7
1517709304.04	10552.4
1517709364.04	10552.9
1517709424.04	10550.2
1517709484.04	10549.3
1517709544.04	10550.5
1517709604.04	10549.9
1517709664.04	10553.2
1517709724.05	10552.1
1517709784.05	10550.4
1517709844.05	10545.1
1517709904.05	10545
1517709964.05	10549.1
1517710024.05	10546.6
1517710084.05	10545
1517710144.05	10545.3
1517710204.05	10546.8
1517710264.05	10544.4
1517710324.06	10548.9
1517710384.06	10547.4
1517710444.06	10549.4
1517710504.06	10550.3
1517710564.06	10549.1
1517710624.06	10552.8
1517710684.06	10552
1517710744.06	10556.7
1517710804.06	10554.1
1517710864.06	10556.2
1517710924.07	10557.7
1517710984.07	10559
1517711044.07	10557.6
1517711104.07	10560.4
1517711164.07	10561.4
1517711224.07	10562.7
1517711284.07	10564
1517711344.07	10565.3
1517711404.07	10566.9
1517711464.07	10568.5
1517711524.08	10572
1517711584.08	10574.1
1517711644.08	10572.2
1517711704.08	10577.9
1517711764.08	10578.1
1517711824.08	10578.1
1517711884.08	10581.2
1517711944.08	10583.8
1517712004.08	10584.2
1517712064.08	10582.7
1517712124.09	10581.3
1517712184.09	10585
1517712244.09	10582.7
1517712304.09	10581.1
1517712364.09	10580.5
1517712424.09	10576.1
1517712484.09	10575.5
1517712544.09	10575.8
1517712604.09	10575.2
1517712664.09	10573.9
1517712724.1	10575.7
1517712784.1	10571.7
1517712844.1	10571.6
1517712904.1	10574.8
1517712964.1	10573.3
1517713024.1	10570.8
1517713084.1	10570.4
1517713144.1	10565.5
1517713204.1	10567.5
1517713264.1	10566.8
1517713324.11	10569.1
1517713384.11	10567.1
1517713444.11	10568.3
1517713504.11	10567.4
1517713564.11	10566.5
1517713624.11	10565.6
1517713684.11	10564.7
1517713744.11	10561.2
1517713804.11	10562.8
1517713864.11	10561.4
1517713924.12	10562.3
1517713984.12	10560.8
1517714044.12	10555.3
1517714104.12	10558
1517714164.12	10558.3
1517714224.12	10557.9
1517714284.12	10557.7
1517714344.12	10556.9
1517714404.12	10553.8
1517714464.12	10558.9
1517714524.12	10556.9
1517714584.13	10553.8
1517714644.13	10550.3
1517714704.13	10553.3
1517714764.13	10551.8
1517714824.13	10555
1517714884.13	10553
1517714944.13	10548.5
1517715004.13	10552.3
1517715064.13	10547.9
1517715124.13	10544.4
1517715184.14	10548.6
1517715244.14	10549.3
1517715304.14	10547.2
1517715364.14	10542
1517715424.14	10545
1517715484.14	10545.3
1517715544.14	10544.3
1517715604.14	10542.4
1517715664.14	10543.2
1517715724.14	10541.2
1517715784.15	10542
1517715844.15	10538.7
1517715904.15	10537.5
1517715964.15	10534.3
1517716024.15	10533.3
1517716084.15	10534.3
1517716144.15	10533.8
1517716204.15	10534.4
1517716264.15	10535.3
1517716324.15	10530
1517716384.16	10536.5
1517716444.16	10537.1
1517716504.16	10539.4
1517716564.16	10537.9
1517716624.16	10542.4
1517716684.16	10539.1
1517716744.16	10544
1517716804.16	10542.6
1517716864.16	10540.8
1517716924.16	10544.8
1517716984.17	10547
1517717044.17	10548.3
1517717104.17	10549
1517717164.17	10546.5
1517717224.17	10548.1
1517717284.17	10550.7
1517717344.17	10555.4
1517717404.17	10552.2
1517717464.17	10553.6
1517717524.17	10559.6
1517717584.18	10557.5
1517717644.18	10559.3
1517717704.18	10559.9
1517717764.18	10562.8
1517717824.18	10564.2
1517717884.18	10563.3
1517717944.18	10566.1
1517718004.18	10565.9
1517718064.18	10569.4
1517718124.18	10573.1
1517718184.19	10571.1
1517718244.19	10576.2
1517718304.19	10576
1517718364.19	10577.9
1517718424.19	10577.3
1517718484.19	10572.2
1517718544.19	10579.6
1517718604.19	10574.5
1517718664.19	10571.8
1517718724.19	10570.5
1517718784.2	10569.9
1517718844.2	10568.5
1517718904.2	10572
1517718964.2	10568.4
1517719024.2	10567.5
1517719084.2	10565.4
1517719144.2	10563.6
1517719204.2	10560.8
1517719264.2	10562.4
1517719324.2	10562.7
1517719384.21	10562.3
1517719444.21	10562.8
1517719504.21	10562
1517719564.21	10559.9
1517719624.21	10560
1517719684.21	10561.1
1517719744.21	10560.1
1517719804.21	10554.5
1517719864.21	10555.5
1517719924.21	10554.5
1517719984.22	10557.2
1517720044.22	10551.8
1517720104.22	10553.9
1517720164.22	10553.8
1517720224.22	10554.3
1517720284.22	10552.7
1517720344.22	10548.1
1517720404.22	10551.9
1517720464.22	10549.9
1517720524.22	10545.8
1517720584.23	10546.3
1517720644.23	10546.7
1517720704.23	10545
1517720764.23	10546.5
1517720824.23	10545.9
1517720884.23	10544.1
1517720944.23	10544.2
1517721004.23	10543
1517721064.23	10545.2
1517721124.23	10543.3
1517721184.24	10541.1
1517721244.24	10542.7
1517721304.24	10540.9
1517721364.24	10539.2
1517721424.24	10539.8
1517721484.24	10539.1
1517721544.24	10537.6
1517721604.24	10539
1517721664.24	10539.3
1517721724.24	10535.9
1517721784.25	10531.8
1517721844.25	10537.3
1517721904.25	10536.7
1517721964.25	10535.8
1517722024.25	10533.8
1517722084.25	10536.3
1517722144.25	10533
1517722204.25	10535
1517722264.25	10532.6
1517722324.26	10528.2
1517722384.26	10531.2
1517722444.26	10535.2
1517722504.26	10532.1
1517722564.26	10537
1517722624.26	10534.5
1517722684.26	10537.5
1517722744.26	10537.9
1517722804.26	10537.1
1517722864.26	10540.9
1517722924.27	10539.7
1517722984.27	10541.8
1517723044.27	10541.8
1517723104.27	10541.4
1517723164.27	10544.9
1517723224.27	10545.2
1517723284.27	10548.3
1517723344.27	10546.7
1517723404.27	10551.3
1517723464.27	10549.6
1517723524.28	10552.6
1517723584.28	10556.6
1517723644.28	10556.4
1517723704.28	10557.8
1517723764.28	10559.3
1517723824.28	10565.3
1517723884.28	10565.1
1517723944.28	10564.2
1517724004.28	10567.7
1517724064.28	10565.7
1517724124.29	10569.9
1517724184.29	10569.2
1517724244.29	10572.3
1517724304.29	10581.3
1517724364.29	11095.2
1517724424.29	11217.5
1517724484.29	11077.5
1517724544.29	11308.2
1517724604.29	11238.2
1517724664.29	11064.5
1517724724.3	11056.7
1517724784.3	11125.8
1517724844.3	11186.2
1517724904.3	11211.8
1517724964.3	11322.1
1517725024.3	11232.1
1517725084.3	11210.5
1517725144.3	11282.3
1517725204.3	10877.5
1517725264.3	10813.2
1517725324.31	10789.1
1517725384.31	10774.2
1517725444.31	11233.1
1517725504.31	11188.1
1517725564.31	11243.8
1517725624.31	11365.1
1517725684.31	11274
1517725744.31	11344.4
1517725804.31	11151.9
1517725864.31	11342.5
1517725924.32	11344.7
1517725984.32	11420.9
1517726044.32	11369.8
1517726104.32	11420.5
1517726164.32	11329
1517726224.32	11438.5
1517726284.32	11301.5
1517726344.32	11169.5
1517726404.32	10961.4
1517726464.32	10938.1
1517726524.33	10919.1
1517726584.33	10907.8
1517726644.33	10900.4
1517726704.33	10892.1
1517726764.33	10884.8
1517726824.33	10875.3
1517726884.33	10868.3
1517726944.33	10861.1
1517727004.33	10851.5
1517727064.33	10844.7
1517727124.34	10837.1
1517727184.34	10829.7
1517727244.34	10824.1
1517727304.34	10817
1517727364.34	10808.5
1517727424.34	10806.3
1517727484.34	10798.1
1517727544.34	10797.4
1517727604.34	10795.4
1517727664.34	10791.2
1517727724.35	10785.1
1517727784.35	10780.1
1517727844.35	10777.7
1517727904.35	10775.5
1517727964.35	10775.6
1517728024.35	10768.9
1517728084.35	10767.9
1517728144.35	10769.7
1517728204.35	10764.8
1517728264.35	10760.1
1517728324.36	10757.4
1517728384.36	10757.3
1517728444.36	10754
1517728504.36	10748.9
1517728564.36	10745.8
1517728624.36	10744.3
1517728684.36	10742.2
1517728744.36	10736.9
1517728804.36	10736.5
1517728864.36	10727.4
1517728924.37	10737.9
1517728984.37	10735.7
1517729044.37	10721.4
1517729104.37	10714.9
1517729164.37	10712.1
1517729224.37	10709.6
1517729284.37	10703.8
1517729344.37	10705.1
1517729404.37	10700.6
1517729464.37	10700.9
1517729524.38	10694.9
1517729584.38	10693.1
1517729644.38	10690.1
1517729704.38	10689.7
1517729764.38	10684.8
1517729824.38	10684
1517729884.38	10679.6
1517729944.38	10679.7
1517730004.38	10676.2
1517730064.38	10671.3
1517730124.38	10672
1517730184.39	10667.4
1517730244.39	10663.9
1517730304.39	10658.9
1517730364.39	10673.8
1517730424.39	10659.2
1517730484.39	10649.6
1517730544.39	10649.5
1517730604.39	10642.8
1517730664.39	10643.6
1517730724.39	10639.9
1517730784.4	10640
1517730844.4	10636.2
1517730904.4	10635.5
1517730964.4	10616.4
1517731024.4	10645.6
1517731084.4	10633.8
1517731144.4	10630.5
1517731204.4	10628.9
1517731264.4	10629.3
1517731324.4	10629
1517731384.41	10629.3
1517731444.41	10628.9
1517731504.41	10644.5
1517731564.41	10658.4
1517731624.41	10633.2
1517731684.41	10621.6
1517731744.41	10622.7
1517731804.41	10624.3
1517731864.41	10626.8
1517731924.41	10628.9
1517731984.42	10633.9
1517732044.42	10629.9
1517732104.42	10628.8
1517732164.42	10630.2
1517732224.42	10631.3
1517732284.42	10631
1517732344.42	10626.3
1517732404.42	10624.8
1517732464.42	10627
1517732524.42	10622.2
1517732584.43	10623.3
1517732644.43	10625.4
1517732704.43	10622.9
1517732764.43	10617.9
1517732824.43	10615.2
1517732884.43	10615.7
1517732944.43	10610.2
1517733004.43	10609.4
1517733064.43	10608.6
1517733124.43	10607.8
1517733184.44	10574.5
1517733244.44	10653.9
1517733304.44	11102.1
1517733364.44	11096.9
1517733424.44	11065
1517733484.44	11010.3
1517733544.44	11071.4
1517733604.44	11043.4
1517733664.44	11172.5
1517733724.44	11198.5
1517733784.45	11190
1517733844.45	10851.3
1517733904.45	10773.6
1517733964.45	10750.8
1517734024.45	10736.5
1517734084.45	10729
1517734144.45	10719.7
1517734204.45	10715.5
1517734264.45	10710.4
1517734324.45	10704.4
1517734384.46	10699.2
1517734444.46	10697.3
1517734504.46	10652.5
1517734564.46	10664.9
1517734624.46	10680.8
1517734684.46	10673.1
1517734744.46	10672.4
1517734804.46	10667.2
1517734864.46	10663.8
1517734924.46	10663.8
1517734984.47	10659.5
1517735044.47	10656.2
1517735104.47	10652.1
1517735164.47	10647.4
1517735224.47	10645.7
1517735284.47	10646.9
1517735344.47	10645.9
1517735404.47	10639.8
1517735464.47	10638.7
1517735524.47	10637.7
1517735584.48	10636.4
1517735644.48	10634.2
1517735704.48	10632.5
1517735764.48	10631.1
1517735824.48	10629
1517735884.48	10626.3
1517735944.48	10624.9
1517736004.48	10622.7
1517736064.48	10624.2
1517736124.48	10621.9
1517736184.49	10621.1
1517736244.49	10618.2
1517736304.49	10617.8
1517736364.49	10615.4
1517736424.49	10614.9
1517736484.49	10614.4
1517736544.49	10610.5
1517736604.49	10608.9
1517736664.49	10609.1
1517736724.49	10606.9
1517736784.5	10607.4
1517736844.5	10603
1517736904.5	10603.6
1517736964.5	10600.9
1517737024.5	10599.5
1517737084.5	10597.2
1517737144.5	10597.3
1517737204.5	10594.3
1517737264.5	10593.1
1517737324.51	10594.2
1517737384.51	10594
1517737444.51	10590.9
1517737504.51	10592.2
1517737564.51	10591.6
1517737624.51	10591.3
1517737684.51	10590.7
1517737744.51	10590.7
1517737804.51	10587.6
1517737864.51	10589.9
1517737924.52	10589.8
1517737984.52	10589.2
1517738044.52	10589
1517738104.52	10589.1
1517738164.52	10591.1
1517738224.52	10589.5
1517738284.52	10592.5
1517738344.52	10590.5
1517738404.52	10592.4
1517738464.52	10593.3
1517738524.53	10592.8
1517738584.53	10594.6
1517738644.53	10596.4
1517738704.53	10593.3
1517738764.53	10596.3
1517738824.53	10598
1517738884.53	10598.4
1517738944.53	10601.3
1517739004.53	10601.8
1517739064.53	10598.4
1517739124.54	10599
1517739184.54	10605.1
1517739244.54	10604.1
1517739304.54	10606.1
1517739364.54	10604.3
1517739424.54	10606
1517739484.54	10604
1517739544.54	10607
1517739604.54	10604.2
1517739664.54	10601.9
1517739724.55	10600.9
1517739784.55	10601.3
1517739844.55	10598.6
1517739904.55	10600.1
1517739964.55	10598.6
1517740024.55	10596.9
1517740084.55	10597.4
1517740144.55	10594.4
1517740204.55	10596.2
1517740264.55	10592.7
1517740324.56	10593.1
1517740384.56	10593.7
1517740444.56	10592
1517740504.56	10590.4
1517740564.56	10589
1517740624.56	10584.6
1517740684.56	10585.6
1517740744.56	10585.4
1517740804.56	10584.9
1517740864.56	10583.1
1517740924.57	10583.8
1517740984.57	10581.6
1517741044.57	10582
1517741104.57	10577.9
1517741164.57	10577.6
1517741224.57	10578
1517741284.57	10576.5
1517741344.57	10574.2
1517741404.57	10575.3
1517741464.57	10572.4
1517741524.58	10571.3
1517741584.58	10574.4
1517741644.58	10572.5
1517741704.58	10570.4
1517741764.58	10570.6
1517741824.58	10568.3
1517741884.58	10570.3
1517741944.58	10567
1517742004.58	10567
1517742064.58	10565.9
1517742124.59	10563.6
1517742184.59	10565
1517742244.59	10565.3
1517742304.59	10564.9
1517742364.59	10560.4
1517742424.59	10562.8
1517742484.59	10561.7
1517742544.59	10558
1517742604.59	10557.1
1517742664.59	10556.8
1517742724.6	10556.5
1517742784.6	10555
1517742844.6	10553.9
1517742904.6	10551.9
1517742964.6	10554.4
1517743024.6	10553.9
1517743084.6	10552.1
1517743144.6	10549.7
1517743204.6	10550.5
1517743264.6	10548.5
1517743324.61	10548.8
1517743384.61	10547.1
1517743444.61	10544.9
1517743504.61	10546.4
1517743564.61	10544.9
1517743624.61	10542.9
1517743684.61	10542.6
1517743744.61	10540.4
1517743804.63	10540.3
1517743864.63	10540.4
1517743924.63	10539.4
1517743984.63	10539.3
1517744044.63	10539.5
1517744104.63	10536.6
1517744164.63	10534.1
1517744224.63	10535.8
1517744284.63	10535.9
1517744344.64	10537.2
1517744404.64	10535.2
1517744464.64	10537.3
1517744524.64	10534.2
1517744584.64	10533.6
1517744644.64	10534.5
1517744704.64	10533.2
1517744764.64	10532.2
1517744824.64	10532.8
1517744884.64	10531.6
1517744944.65	10532.2
1517745004.65	10531.6
1517745064.65	10532.6
1517745124.65	10528.5
1517745184.65	10526
1517745244.65	10528.2
1517745304.65	10528.5
1517745364.65	10529.9
1517745424.65	10528
1517745484.65	10528.4
1517745544.66	10529.1
1517745604.66	10526.1
1517745664.66	10525.9
1517745724.66	10524.4
1517745784.66	10524.6
1517745844.66	10524.8
1517745904.66	10524.7
1517745964.66	10525.4
1517746024.66	10522.5
1517746084.66	10524.8
1517746144.67	10522.7
1517746204.67	10522.3
1517746264.67	10520.8
1517746324.67	10521.4
1517746384.67	10521.2
1517746444.67	10522.7
1517746504.67	10521.3
1517746564.67	10517.8
1517746624.67	10518.9
1517746684.67	10516.8
1517746744.68	10518.6
1517746804.68	10517.2
1517746864.68	10515.6
1517746924.68	10518.4
1517746984.68	10517
1517747044.68	10519.1
1517747104.68	10517.1
1517747164.68	10516.1
1517747224.68	10515.4
1517747284.68	10515.7
1517747344.69	10514.4
1517747404.69	10515.3
1517747464.69	10513.6
1517747524.69	10513.9
1517747584.69	10513.5
1517747644.69	10515.5
1517747704.69	10514
1517747764.69	10512.9
1517747824.69	10512.9
1517747884.69	10512.2
1517747944.7	10512.1
1517748004.7	10513.8
1517748064.7	10512
1517748124.7	10510.6
1517748184.7	10508.4
1517748244.7	10509.9
1517748304.7	10510.7
1517748364.7	10508.9
1517748424.7	10509.9
1517748484.7	10507.1
1517748544.71	10507.7
1517748604.71	10510.1
1517748664.71	10510.1
1517748724.71	10510.2
1517748784.71	10507.7
1517748844.71	10507.7
1517748904.71	10508.1
1517748964.71	10509.4
1517749024.71	10508.1
1517749084.71	10508.3
1517749144.72	10507.9
1517749204.72	10508
1517749264.72	10507.2
1517749324.72	10508
1517749384.72	10506.7
1517749444.72	10506.7
1517749504.72	10506.5
1517749564.72	10507.3
1517749624.72	10506.5
1517749684.72	10507.5
1517749744.73	10507
1517749804.73	10506.1
1517749864.73	10504
1517749924.73	10501.3
1517749984.73	10504.8
1517750044.73	10503.2
1517750104.73	10503
1517750164.73	10501.4
1517750224.73	10503.2
1517750284.73	10502.5
1517750344.74	10502.6
1517750404.74	10502.7
1517750464.74	10500.5
1517750524.74	10503.8
1517750584.75	10504.1
1517750644.75	10502.8
1517750704.75	10502.4
1517750764.75	10499.5
1517750824.75	10501.2
1517750884.76	10502.3
1517750944.76	10500.8
1517751004.76	10499.1
1517751064.76	10505.9
1517751124.76	10502.4
1517751184.76	10501.6
1517751244.76	10497.1
1517751304.76	10502
1517751364.76	10501.3
1517751424.76	10498.7
1517751484.77	10500.9
1517751544.77	10500.3
1517751604.77	10499.1
1517751664.77	10499.4
1517751724.77	10500.4
1517751784.77	10499.4
1517751844.77	10500.9
1517751904.77	10500.5
1517751964.77	10499.7
1517752024.77	10499.6
1517752084.78	10500.1
1517752144.78	10500.1
1517752204.78	10498.6
1517752264.78	10500.9
1517752324.78	10499
1517752384.78	10501
1517752444.78	10501
1517752504.78	10499.3
1517752564.78	10498.2
1517752624.78	10500.7
1517752684.79	10502
1517752744.79	10497.4
1517752804.79	10501.6
1517752864.79	10499.6
1517752924.79	10497.2
1517752984.79	10499.4
1517753044.8	10497.4
1517753104.8	10500.5
1517753164.8	10499.7
1517753224.8	10498.4
1517753284.8	10496.1
1517753344.8	10500.6
1517753404.8	10499.4
1517753464.8	10499.3
1517753524.81	10500.5
1517753584.81	10495.7
1517753644.81	10497.9
1517753704.81	10499.8
1517753764.82	10501.2
1517753824.82	10500.4
1517753884.82	10498.7
1517753944.82	10497.7
1517754004.83	10499.6
1517754064.83	10500.5
1517754124.83	10502.4
1517754184.83	10501.4
1517754244.84	10500.7
1517754304.84	10498.5
1517754364.86	10499
1517754424.87	10499.3
1517754484.87	10498.9
1517754544.88	10500.1
1517754604.89	10498.5
1517754664.89	10497.1
1517754724.89	10499
1517754784.9	10498.3
1517754844.9	10497.8
1517754904.9	10500.6
1517754964.9	10496.6
1517755024.91	10498.9
1517755084.92	10500.7
1517755144.92	10498.3
1517755204.93	10499.4
1517755264.93	10500.6
1517755324.93	10500.7
1517755384.93	10496.8
1517755444.93	10498.8
1517755504.93	10499.4
1517755564.95	10500.6
1517755624.95	10500.6
1517755684.96	10499.5
1517755744.96	10497.4
1517755804.96	10500.6
1517755864.96	10497.6
1517755924.96	10499.9
1517755984.96	10499.6
1517756044.96	10498.3
1517756104.96	10500.2
1517756164.98	10501.8
1517756224.98	10499.3
1517756284.98	10500.5
1517756344.98	10502.8
1517756404.98	10501.4
1517756464.99	10502.5
1517756525.0	10500.3
1517756585.0	10499.6
1517756645.01	10503.2
1517756705.01	10502
1517756765.01	10499.3
1517756825.03	10499.6
1517756885.03	10500.8
1517756945.03	10499.9
1517757005.05	10502
1517757065.05	10500.3
1517757125.05	10501
1517757185.05	10502.9
1517757245.05	10501
1517757305.05	10503.3
1517757365.05	10503.3
1517757425.05	10503.6
1517757485.05	10501.6
1517757545.06	10503.1
1517757605.07	10504.7
1517757665.07	10504.6
1517757725.07	10502.6
1517757785.08	10504.6
1517757845.08	10503.6
1517757905.08	10504.9
1517757965.08	10502.6
1517758025.08	10505.3
1517758085.08	10505.2
1517758145.09	10504
1517758205.09	10505.8
1517758265.09	10506.3
1517758325.09	10505.6
1517758385.09	10504.6
1517758445.09	10503.8
1517758505.09	10505.3
1517758565.09	10505.7
1517758625.09	10507
1517758685.09	10505.6
1517758745.1	10507.8
1517758805.1	10506.4
1517758865.1	10507.9
1517758925.1	10506.1
1517758985.1	10508.7
1517759045.1	10506.9
1517759105.1	10506.9
1517759165.1	10507.3
1517759225.1	10508.1
1517759285.1	10508.1
1517759345.11	10509.9
1517759405.12	10510
1517759465.12	10508.6
1517759525.12	10507.6
1517759585.12	10507.9
1517759645.13	10511.2
1517759705.13	10510.6
1517759765.13	10507.8
1517759825.13	10511
1517759885.13	10510.3
1517759945.13	10511.4
1517760005.13	10509.7
1517760065.13	10509.3
1517760125.13	10510.1
1517760185.13	10511.4
1517760245.14	10511.7
1517760305.14	10509.2
1517760365.14	10511.8
1517760425.14	10510.4
1517760485.14	10509.5
1517760545.14	10512.3
1517760605.14	10509
1517760665.14	10512
1517760725.14	10515.4
1517760785.16	10512.3
1517760845.16	10512.4
1517760905.16	10511.5
1517760965.16	10511.1
1517761025.16	10511.5
1517761085.17	10510.7
1517761145.17	10510.2
1517761205.17	10510.4
1517761265.17	10512.8
1517761325.17	10512.1
1517761385.17	10513.4
1517761445.17	10513
1517761505.17	10513.4
1517761565.17	10511.8
1517761625.17	10513.4
1517761685.18	10515.1
1517761745.19	10513.7
1517761805.19	10514
1517761865.2	10512.6
1517761925.2	10512.8
1517761985.2	10511.1
1517762045.2	10511.7
1517762105.2	10513.6
1517762165.2	10514
1517762225.21	10514.2
1517762285.21	10512.4
1517762345.21	10512.6
1517762405.21	10514.6
1517762465.22	10514.9
1517762525.23	10515.1
1517762585.23	10517.7
1517762645.23	10514.7
1517762705.23	10514
1517762765.23	10516.6
1517762825.23	10515.6
1517762885.24	10515.6
1517762945.24	10515.9
1517763005.24	10518.2
1517763065.24	10515.8
1517763125.24	10516.5
1517763185.24	10514.8
1517763245.25	10514.2
1517763305.25	10514.1
1517763365.25	10514.3
1517763425.25	10516
1517763485.25	10514.8
1517763545.26	10514.9
1517763605.26	10517.4
1517763665.26	10515.6
1517763725.26	10515
1517763785.26	10517.2
1517763845.26	10517
1517763905.26	10515
1517763965.26	10511.7
1517764025.26	10513.9
1517764085.26	10516.1
1517764145.27	10515.7
1517764205.28	10512.8
1517764265.28	10514.8
1517764325.28	10515.8
1517764385.28	10514.8
1517764445.28	10516.8
1517764505.28	10513.3
1517764565.28	10515
1517764625.28	10515.1
1517764685.28	10514.3
1517764745.29	10514.2
1517764805.29	10512.7
1517764865.29	10517.9
1517764925.29	10514.9
1517764985.29	10515.7
1517765045.29	10514.4
1517765105.29	10510.6
1517765165.3	10516.2
1517765225.3	10514.4
1517765285.3	10515.5
1517765345.3	10513.5
1517765405.31	10517.1
1517765465.31	10514.7
1517765525.31	10517.1
1517765585.32	10518.5
1517765645.32	10517.2
1517765705.32	10517.4
1517765765.32	10517
1517765825.33	10516.6
1517765885.33	10517.8
1517765945.33	10514.7
1517766005.33	10516.6
1517766065.33	10517.6
1517766125.33	10519.4
1517766185.33	10517.4
1517766245.33	10521.3
1517766305.33	10520.3
1517766365.34	10519.4
1517766425.35	10517.9
1517766485.35	10517.6
1517766545.35	10516.7
1517766605.35	10519.5
1517766665.35	10519.7
1517766725.37	10520.1
1517766785.37	10522.6
1517766845.37	10522
1517766905.4	10519.8
1517766965.4	10519.8
1517767025.41	10518.1
1517767085.41	10520.9
1517767145.41	10519.6
1517767205.41	10520.5
1517767265.41	10520
1517767325.42	10518.7
1517767385.42	10521.4
1517767445.42	10521.7
1517767505.42	10520.7
1517767565.43	10521.6
1517767625.43	10519.5
1517767685.43	10519.8
1517767745.43	10519.6
1517767805.44	10517.4
1517767865.44	10521.2
1517767925.44	10521.5
1517767985.44	10520.3
1517768045.44	10520.4
1517768105.44	10520.9
1517768165.44	10520.5
1517768225.44	10521.1
1517768285.44	10524.6
1517768345.44	10521.6
1517768405.45	10522
1517768465.45	10521.4
1517768525.45	10521.1
1517768585.45	10523.9
1517768645.46	10525.1
1517768705.46	10523.1
1517768765.46	10522.3
1517768825.47	10526.9
1517768885.47	10524.9
1517768945.47	10521.2
1517769005.47	10525.2
1517769065.47	10526.3
1517769125.47	10526
1517769185.47	10525.6
1517769245.48	10521.7
1517769305.48	10523.1
1517769365.48	10522.3
1517769425.48	10524.3
1517769485.48	10523.4
1517769545.48	10523.4
1517769605.48	10525.2
1517769665.48	10523.7
1517769725.48	10527.1
1517769785.48	10525.2
1517769845.5	10526.7
1517769905.5	10524.7
1517769965.5	10527.3
1517770025.51	10526.1
1517770085.51	10525.6
1517770145.51	10524.9
1517770205.51	10527.2
1517770265.51	10527.7
1517770325.51	10525.2
1517770385.51	10527.9
1517770445.51	10527.1
1517770505.53	10524.7
1517770565.53	10527
1517770625.53	10525.5
1517770685.53	10525.8
1517770745.53	10525.5
1517770805.53	10527.2
1517770865.53	10524.9
1517770925.53	10528.6
1517770985.53	10527.2
1517771045.54	10525.1
1517771105.54	10527
1517771165.54	10527.4
1517771225.54	10526.8
1517771285.56	10526.3
1517771345.56	10525.4
1517771405.56	10526.3
1517771465.56	10527.7
1517771525.57	10526.9
1517771585.58	10526.5
1517771645.58	10526.2
1517771705.58	10527.2
1517771765.61	10528.4
1517771825.61	10527.6
1517771885.61	10525.6
1517771945.61	10529
1517772005.61	10529.7
1517772065.62	10527.3
1517772125.62	10530.4
1517772185.62	10528.4
1517772245.62	10530.2
1517772305.62	10530.2
1517772365.62	10531.8
1517772425.62	10531
1517772485.62	10531.2
1517772545.62	10531
1517772605.62	10530.5
1517772665.62	10529.2
1517772725.63	10530.5
1517772785.63	10529.3
1517772845.63	10529.3
1517772905.63	10532.2
1517772965.63	10533.5
1517773025.63	10532.3
1517773085.64	10533.3
1517773145.66	10533.9
1517773205.66	10534.8
1517773265.66	10533.4
1517773325.66	10531.1
1517773385.66	10531.4
1517773445.66	10533
1517773505.66	10531.9
1517773565.66	10532.2
1517773625.67	10535.1
1517773685.67	10535.8
1517773745.67	10534.3
1517773805.67	10532.4
1517773865.67	10535.3
1517773925.67	10536.9
1517773985.67	10536.5
1517774045.67	10534.2
1517774105.68	10535.6
1517774165.69	10535
1517774225.69	10532.6
1517774285.69	10535.7
1517774345.69	10537.4
1517774405.69	10535.1
1517774465.69	10533.5
1517774525.7	10535.2
1517774585.7	10536.5
1517774645.7	10538.5
1517774705.7	10533.3
1517774765.7	10536.4
1517774825.7	10538.4
1517774885.71	10537.6
1517774945.71	10538.4
1517775005.71	10537.7
1517775065.71	10538
1517775125.71	10532.8
1517775185.71	10536.6
1517775245.71	10535.9
1517775305.72	10539.7
1517775365.73	10536.2
1517775425.73	10535.1
1517775485.73	10534.9
1517775545.74	10536.8
1517775605.74	10538.1
1517775665.74	10536.5
1517775725.74	10540
1517775785.74	10537
1517775845.74	10537.5
1517775905.74	10535.5
1517775965.74	10534.4
1517776025.76	10538.7
1517776085.76	10536.3
1517776145.76	10535.8
1517776205.76	10534.8
1517776265.76	10538
1517776325.76	10537.3
1517776385.76	10536.8
1517776445.76	10537
1517776505.76	10535
1517776565.77	10539.3
1517776625.77	10538.6
1517776685.77	10538.4
1517776745.77	10536.8
1517776805.78	10534.9
1517776865.78	10538.1
1517776925.78	10537.5
1517776985.78	10536.9
1517777045.79	10535.3
1517777105.79	10532.4
1517777165.8	10539
1517777225.8	10535.5
1517777285.8	10535.4
1517777345.8	10536.5
1517777405.8	10535.4
1517777465.81	10533.6
1517777525.81	10534.2
1517777585.81	10537.9
1517777645.81	10536.9
1517777705.81	10535.3
1517777765.82	10537.3
1517777825.82	10538.1
1517777885.82	10539.7
1517777945.82	10538.8
1517778005.83	10536.1
1517778065.83	10536.6
1517778125.83	10539
1517778185.83	10539.1
1517778245.84	10539.4
1517778305.84	10538.4
1517778365.84	10540.2
1517778425.85	10539.2
1517778485.85	10539.1
1517778545.85	10538.8
1517778605.86	10537.6
1517778665.86	10539.3
1517778725.86	10539.2
1517778785.86	10540.4
1517778845.86	10540.3
1517778905.87	10540.1
1517778965.87	10540.8
1517779025.88	10538.8
1517779085.88	10538.9
1517779145.88	10539.6
1517779205.88	10540.9
1517779265.88	10541.9
1517779325.88	10540
1517779385.88	10539
1517779445.88	10540.2
1517779505.88	10541.5
1517779565.88	10542.9
1517779625.88	10539.7
1517779685.89	10540.7
1517779745.89	10539.9
1517779805.89	10539.8
1517779865.89	10543.2
1517779925.9	10542
1517779985.9	10540.5
1517780045.9	10542.3
1517780105.9	10540.1
1517780165.9	10540.3
1517780225.91	10540
1517780285.92	10540.1
1517780345.92	10543.5
1517780405.92	10543
1517780465.92	10542
1517780525.92	10540.4
1517780585.92	10541.4
1517780645.93	10541.2
1517780705.93	10541.2
1517780765.93	10543.2
1517780825.93	10543.5
1517780885.93	10544.7
1517780945.93	10541.9
1517781005.94	10542.1
1517781065.94	10541.2
1517781125.95	10544.6
1517781185.95	10543.8
1517781245.95	10542.4
1517781305.95	10544.9
1517781365.95	10543
1517781425.95	10544.7
1517781485.95	10543.3
1517781545.95	10542.5
1517781605.96	10542.4
1517781665.96	10544.1
1517781725.96	10544.8
1517781785.96	10546
1517781845.96	10543.3
1517781905.96	10541.8
1517781965.96	10543.9
1517782025.96	10544
1517782085.96	10543.3
1517782145.96	10544.2
1517782205.97	10544.1
1517782265.97	10542.9
1517782325.97	10543.9
1517782385.97	10543.6
1517782445.98	10542.5
1517782505.98	10545.1
1517782565.98	10547.7
1517782625.98	10543.3
1517782685.98	10544.8
1517782745.98	10543
1517782805.98	10547.1
1517782865.98	10545.4
1517782925.98	10545
1517782985.98	10546.8
1517783045.99	10546.4
1517783105.99	10543.5
1517783165.99	10546.9
1517783225.99	10546.4
1517783285.99	10547.3
1517783345.99	10548.2
1517783405.99	10546
1517783465.99	10544.3
1517783525.99	10547.1
1517783585.99	10543
1517783646.0	10546.2
1517783706.0	10545.2
1517783766.0	10545.4
1517783826.0	10546.9
1517783886.0	10544.5
1517783946.0	10547.2
1517784006.0	10545.3
1517784066.01	10545.9
1517784126.02	10546.4
1517784186.02	10548.7
1517784246.02	10549
1517784306.02	10545.5
1517784366.02	10549
1517784426.03	10550
1517784486.03	10547.3
1517784546.03	10548.2
1517784606.03	10548.9
1517784666.03	10549.6
1517784726.03	10551.3
1517784786.03	10549.2
1517784846.04	10547.4
1517784906.04	10549.4
1517784966.04	10550.2
1517785026.05	10547.1
1517785086.06	10549
1517785146.06	10549.8
1517785206.06	10549.5
1517785266.06	10550
1517785326.06	10547
1517785386.06	10548.6
1517785446.06	10549.7
1517785506.06	10548.6
1517785566.06	10550
1517785626.06	10551.3
1517785686.07	10550.6
1517785746.07	10551
1517785806.07	10551.3
1517785866.07	10549.6
1517785926.07	10551.4
1517785986.07	10549.7
1517786046.07	10551
1517786106.07	10551.2
1517786166.07	10552.9
1517786226.07	10551.5
1517786286.08	10548.5
1517786346.08	10551.9
1517786406.08	10549
1517786466.08	10549.4
1517786526.08	10550.1
1517786586.08	10553.3
1517786646.1	10552.4
1517786706.1	10548.1
1517786766.1	10549.7
1517786826.1	10550.5
1517786886.1	10552.5
1517786946.1	10551.9
1517787006.1	10550.5
1517787066.1	10553.7
1517787126.1	10548.5
1517787186.1	10549.9
1517787246.11	10551.9
1517787306.11	10550.5
1517787366.11	10551.5
1517787426.11	10551.3
1517787486.11	10551.7
1517787546.11	10551.8
1517787606.11	10553.6
1517787666.11	10551.8
1517787726.13	10550.8
1517787786.13	10551.4
1517787846.14	10553.2
1517787906.14	10551
1517787966.14	10552.2
1517788026.14	10550.9
1517788086.15	10551.8
1517788146.15	10552.5
1517788206.15	10553.2
1517788266.15	10552.4
1517788326.15	10552.9
1517788386.15	10553.5
1517788446.15	10551
1517788506.15	10553.4
1517788566.15	10550.9
1517788626.16	10552.1
1517788686.16	10551.6
1517788746.16	10554.3
1517788806.16	10555
1517788866.16	10550.8
1517788926.16	10552
1517788986.16	10557.5
1517789046.17	10551.5
1517789106.17	10553.3
1517789166.18	10554.8
1517789226.18	10554.1
1517789286.18	10555.3
1517789346.18	10554.4
1517789406.18	10556.2
1517789466.19	10553.9
1517789526.19	10554.1
1517789586.21	10551.5
1517789646.21	10553.4
1517789706.21	10554.5
1517789766.21	10554.5
1517789826.22	10553.6
1517789886.23	10553.5
1517789946.23	10554.6
1517790006.23	10554.1
1517790066.23	10553.7
1517790126.23	10554.2
1517790186.23	10555.4
1517790246.23	10555.6
1517790306.24	10554.3
1517790366.24	10555.3
1517790426.24	10554.8
1517790486.24	10554.7
1517790546.24	10556.7
1517790606.24	10555.8
1517790666.24	10555.8
1517790726.24	10553.9
1517790786.24	10554.2
1517790846.24	10553
1517790906.25	10552.9
1517790966.25	10556.8
1517791026.25	10557.2
1517791086.25	10557
1517791146.25	10553.4
1517791206.25	10555.7
1517791266.25	10556.2
1517791326.25	10555
1517791386.26	10556.9
1517791446.26	10557.5
1517791506.26	10556.7
1517791566.26	10558.4
1517791626.26	10556.2
1517791686.26	10554.7
1517791746.26	10555.1
1517791806.27	10557.8
1517791866.27	10556.1
1517791926.27	10557.8
1517791986.27	10555.5
1517792046.27	10558.4
1517792106.27	10556.4
1517792166.28	10555.4
1517792226.28	10559.6
1517792286.28	10559.2
1517792346.28	10558.6
1517792406.28	10556.2
1517792466.28	10558.2
1517792526.28	10557.3
1517792586.29	10557.1
1517792646.29	10558.6
1517792706.29	10555.6
1517792766.29	10558.2
1517792826.29	10560.4
1517792886.3	10557.9
1517792946.3	10553.9
1517793006.3	10558.1
1517793066.3	10558.9
1517793126.3	10555.9
1517793186.3	10557.3
1517793246.3	10557.7
1517793306.32	10557.6
1517793366.33	10557.2
1517793426.33	10561
1517793486.33	10555.8
1517793546.33	10559
1517793606.33	10557.1
1517793666.33	10557.9
1517793726.33	10560.4
1517793786.34	10559.7
1517793846.34	10557.7
1517793906.35	10558.1
1517793966.36	10557.7
1517794026.36	10556.8
1517794086.36	10558.6
1517794146.36	10557.3
1517794206.36	10555.1
1517794266.36	10557.1
1517794326.37	10557
1517794386.37	10558.1
1517794446.37	10557.3
1517794506.37	10558.5
1517794566.37	10559.2
1517794626.37	10559.5
1517794686.37	10558.8
1517794746.38	10559.6
1517794806.38	10558.2
1517794866.38	10558.6
1517794926.38	10558.9
1517794986.39	10557.5
1517795046.39	10560.6
1517795106.39	10557.6
1517795166.39	10557.7
1517795226.4	10557.2
1517795286.4	10559.2
1517795346.4	10560.2
1517795406.4	10559.8
1517795466.4	10561.1
1517795526.4	10560.3
1517795586.41	10559.5
1517795646.41	10559.7
1517795706.41	10558.3
1517795766.41	10558
1517795826.42	10559
1517795886.42	10560.1
1517795946.42	10559.5
1517796006.42	10559.6
1517796066.42	10561.3
1517796126.42	10558.6
1517796186.43	10557.9
1517796246.43	10558.1
1517796306.43	10558.9
1517796366.43	10557.4
1517796426.44	10555.3
1517796486.44	10557.4
1517796546.45	10558.5
1517796606.47	10558.4
1517796666.47	10557.3
1517796726.48	10557.7
1517796786.48	10559.5
1517796846.48	10557.1
1517796906.48	10557.8
1517796966.48	10557.6
1517797026.48	10557.8
1517797086.48	10557.1
1517797146.49	10557
1517797206.49	10557
1517797266.49	10558.6
1517797326.49	10556.2
1517797386.49	10558
1517797446.49	10558.3
1517797506.49	10557
1517797566.49	10560.3
1517797626.49	10558.7
1517797686.5	10558.5
1517797746.5	10559.5
1517797806.5	10559.3
1517797866.5	10560.2
1517797926.5	10558.3
1517797986.5	10559.8
1517798046.5	10557
1517798106.51	10557.6
1517798166.51	10559.6
1517798226.51	10557.4
1517798286.51	10559.9
1517798346.51	10557.9
1517798406.52	10557.3
1517798466.52	10557.9
1517798526.52	10559.8
1517798586.53	10558.6
1517798646.54	10559.6
1517798706.55	10560.6
1517798766.55	10560.3
1517798826.55	10562.6
1517798886.55	10560.6
1517798946.55	10562.5
1517799006.56	10560.5
1517799066.56	10560.7
1517799126.56	10561
1517799186.56	10562.4
1517799246.56	10561.6
1517799306.56	10559.7
1517799366.56	10560.6
1517799426.57	10560
1517799486.57	10560.7
1517799546.57	10560.4
1517799606.57	10562
1517799666.58	10563.3
1517799726.58	10560.8
1517799786.58	10559.5
1517799846.59	10563.4
1517799906.59	10561.3
1517799966.59	10561.3
1517800026.59	10561.2
1517800086.6	10561.9
1517800146.6	10562.4
1517800206.61	10560.9
1517800266.61	10561.8
1517800326.61	10562
1517800386.61	10562.3
1517800446.61	10564.3
1517800506.61	10562.9
1517800566.61	10561.2
1517800626.62	10564.1
1517800686.62	10560.3
1517800746.62	10560.5
1517800806.62	10563.2
1517800866.62	10562.8
1517800926.62	10561.6
1517800986.62	10560.5
1517801046.62	10562.2
1517801106.62	10563.2
1517801166.62	10562.9
1517801226.62	10562.2
1517801286.63	10560.8
1517801346.63	10562.5
1517801406.63	10563.5
1517801466.63	10562.5
1517801526.64	10563.3
1517801586.64	10563.4
1517801646.64	10561.6
1517801706.64	10563
1517801766.64	10564.1
1517801826.64	10560.6
1517801886.64	10564.3
1517801946.64	10564.5
1517802006.65	10563.4
1517802066.65	10565
1517802126.65	10563.5
1517802186.66	10563.9
1517802246.66	10564.1
1517802306.66	10562.3
1517802366.66	10563
1517802426.66	10564.6
1517802486.66	10562.5
1517802546.66	10564.4
1517802606.66	10564.8
1517802666.67	10566
1517802726.67	10564.8
1517802786.67	10566.5
1517802846.68	10565.7
1517802906.68	10564.9
1517802966.68	10564.2
1517803026.69	10566.7
1517803086.7	10566.7
1517803146.7	10565.4
1517803206.71	10566.8
1517803266.71	10564.9
1517803326.72	10566.7
1517803386.72	10566.4
1517803446.72	10568.6
1517803506.72	10565.3
1517803566.72	10565.8
1517803626.74	10568
1517803686.75	10569.5
1517803746.75	10568.8
1517803806.76	10568.1
1517803866.76	10566.9
1517803926.76	10569.7
1517803986.76	10567.2
1517804046.76	10569.7
1517804106.76	10567.5
1517804166.76	10567.3
1517804226.76	10566.3
1517804286.76	10568.5
1517804346.76	10566
1517804406.77	10567.5
1517804466.77	10566.5
1517804526.77	10568.4
1517804586.78	10568
1517804646.78	10565.4
1517804706.78	10565.9
1517804766.78	10566.5
1517804826.78	10566.1
1517804886.78	10565.5
1517804946.78	10567
1517805006.78	10567.8
1517805066.78	10568.7
1517805126.78	10566.5
1517805186.79	10566.9
1517805246.79	10567.2
1517805306.8	10566.8
1517805366.8	10567.7
1517805426.8	10569
1517805486.8	10566.4
1517805546.8	10567.7
1517805606.8	10566.7
1517805666.8	10567.3
1517805726.8	10566.5
1517805786.81	10566.8
1517805846.81	10568
1517805906.81	10567.8
1517805966.81	10568.3
1517806026.81	10568.4
1517806086.81	10568.6
1517806146.81	10568
1517806206.83	10569.1
1517806266.83	10569.7
1517806326.83	10569.2
1517806386.84	10569.2
1517806446.84	10569.3
1517806506.84	10568.9
1517806566.84	10569.8
1517806626.84	10568.2
1517806686.84	10567.8
1517806746.84	10567.1
1517806806.84	10564.8
1517806866.85	10566
1517806926.85	10565.9
1517806986.85	10567.8
1517807046.85	10566.1
1517807106.85	10568.1
1517807166.85	10566.5
1517807226.85	10568.4
1517807286.86	10568.6
1517807346.86	10565.8
1517807406.86	10568.2
1517807466.86	10568.3
1517807526.86	10567.6
1517807586.87	10569.5
1517807646.87	10571.4
1517807706.87	10569.6
1517807766.88	10569.6
1517807826.88	10571.1
1517807886.88	10571.6
1517807946.88	10570
1517808006.88	10570.7
1517808066.88	10568.2
1517808126.88	10570.4
1517808186.88	10570
1517808246.88	10571.3
1517808306.89	10570.8
1517808366.89	10569.7
1517808426.89	10571.6
1517808486.89	10569.4
1517808546.9	10568.1
1517808606.9	10570.5
1517808666.9	10568.6
1517808726.9	10570.3
1517808786.9	10569.7
1517808846.91	10570.8
1517808906.91	10569.5
1517808966.91	10568.4
1517809026.91	10570.4
1517809086.91	10570.2
1517809146.91	10569.3
1517809206.91	10569.2
1517809266.91	10568.1
1517809326.91	10569.3
1517809386.91	10569
1517809446.92	10568.5
1517809506.92	10568
1517809566.92	10568.7
1517809626.92	10568.3
1517809686.92	10567.8
1517809746.92	10568.1
1517809806.92	10568.8
1517809866.92	10568.7
1517809926.92	10568.4
1517809986.94	10568.2
1517810046.94	10569
1517810106.94	10568.6
1517810166.94	10568.3
1517810226.94	10567.1
1517810286.95	10568.9
1517810346.95	10568
1517810406.95	10567.2
1517810466.95	10568.8
1517810526.96	10567.1
1517810586.96	10567.8
1517810646.96	10567.7
1517810706.96	10570.6
1517810766.96	10569.7
1517810826.96	10569.9
1517810886.96	10569.8
1517810946.97	10569.5
1517811006.99	10573
1517811066.99	10572
1517811126.99	10571.6
1517811186.99	10571.5
1517811246.99	10572.3
1517811307.0	10573.1
1517811367.0	10571.4
1517811427.0	10571.1
1517811487.03	10570.8
1517811547.03	10572.3
1517811607.03	10568.7
1517811667.03	10570.3
1517811727.03	10571.2
1517811787.04	10570.3
1517811847.05	10572.4
1517811907.05	10571.2
1517811967.05	10570.1
1517812027.05	10572.7
1517812087.05	10570.3
1517812147.05	10572
1517812207.05	10572.5
1517812267.05	10571.5
1517812327.05	10572.2
1517812387.05	10572.2
1517812447.06	10571.8
1517812507.06	10574.1
1517812567.06	10572.5
1517812627.06	10575.9
1517812687.06	10572.7
1517812747.06	10573.7
1517812807.06	10574.2
1517812867.06	10573.5
1517812927.06	10574.5
1517812987.06	10572.4
1517813047.07	10573.4
1517813107.07	10573.6
1517813167.07	10573.9
1517813227.07	10573.9
1517813287.07	10574.1
1517813347.07	10575.4
1517813407.07	10573.8
1517813467.07	10574.2
1517813527.07	10574.4
1517813587.08	10573.9
1517813647.08	10576.1
1517813707.08	10574.2
1517813767.08	10575
1517813827.09	10576.2
1517813887.1	10575.8
1517813947.1	10575.3
1517814007.1	10576
1517814067.1	10573.1
1517814127.1	10574.9
1517814187.1	10572.5
1517814247.1	10574.9
1517814307.1	10573.8
1517814367.1	10575.1
1517814427.1	10576.4
1517814487.11	10575.8
1517814547.11	10576.1
1517814607.11	10575.4
1517814667.11	10574.1
1517814727.11	10574.1
1517814787.12	10575.3
1517814847.12	10573.9
1517814907.12	10575.5
1517814967.12	10574
1517815027.12	10573.8
1517815087.12	10570.9
1517815147.12	10574.8
1517815207.13	10577.2
1517815267.13	10576.7
1517815327.13	10577.3
1517815387.13	10575.5
1517815447.13	10576.2
1517815507.13	10578.7
1517815567.14	10577
1517815627.14	10577.7
1517815687.14	10577.3
1517815747.14	10575.7
1517815807.15	10577
1517815867.15	10575.6
1517815927.15	10577.7
1517815987.15	10578.1
1517816047.16	10576.2
1517816107.16	10578.5
1517816167.16	10576.1
1517816227.18	10576.1
1517816287.18	10574.8
1517816347.18	10575
1517816407.18	10575.9
1517816467.18	10575.9
1517816527.19	10578.3
1517816587.19	10576.1
1517816647.19	10577.3
1517816707.19	10576.8
1517816767.19	10578.1
1517816827.19	10576.2
1517816887.19	10576.6
1517816947.19	10578.6
1517817007.19	10577.4
1517817067.19	10577.5
1517817127.2	10577.1
1517817187.2	10578.5
1517817247.2	10577.1
1517817307.21	10576
1517817367.21	10578
1517817427.21	10577.8
1517817487.22	10578.2
1517817547.22	10576.1
1517817607.24	10579.9
1517817667.24	10578.3
1517817727.24	10577.2
1517817787.24	10575.4
1517817847.24	10576.9
1517817907.24	10575.6
1517817967.25	10578.6
1517818027.25	10578.8
1517818087.25	10577.7
1517818147.25	10577.2
1517818207.25	10577.8
1517818267.25	10577.9
1517818327.26	10577.6
1517818387.26	10576.5
1517818447.26	10579.3
1517818507.26	10577.6
1517818567.26	10579.1
1517818627.26	10578.4
1517818687.26	10577.7
1517818747.26	10575.8
1517818807.26	10578.6
1517818867.26	10576.8
1517818927.27	10580.6
1517818987.27	10581.4
1517819047.27	10579
1517819107.27	10579.1
1517819167.27	10579
1517819227.29	10578.5
1517819287.29	10578.5
1517819347.3	10578.9
1517819407.31	10580
1517819467.31	10579
1517819527.31	10576.4
1517819587.32	10578.4
1517819647.32	10578.9
1517819707.32	10578.4
1517819767.32	10579.8
1517819827.32	10577.3
1517819887.32	10577.6
1517819947.32	10577.7
1517820007.32	10581.7
1517820067.32	10579.2
1517820127.32	10580.8
1517820187.33	10582.2
1517820247.33	10579.2
1517820307.33	10577.9
1517820367.33	10579.4
1517820427.33	10581.2
1517820487.33	10579.4
1517820547.33	10581.1
1517820607.33	10579.6
1517820667.33	10579.7
1517820727.33	10579.5
1517820787.34	10579.7
1517820847.34	10581.1
1517820907.35	10579.8
1517820967.35	10579.3
1517821027.36	10579.8
1517821087.36	10580.5
1517821147.36	10578.1
1517821207.37	10578.5
1517821267.37	10578.6
1517821327.37	10579
1517821387.38	10581.8
1517821447.38	10581.4
1517821507.39	10579.4
1517821567.39	10579.4
1517821627.39	10579.8
1517821687.39	10577.4
1517821747.39	10581.8
1517821807.39	10580.9
1517821867.39	10577.2
1517821927.39	10578.1
1517821987.39	10581.7
1517822047.39	10580.3
1517822107.4	10580.6
1517822167.4	10581.6
1517822227.4	10581.2
1517822287.4	10580.7
1517822347.4	10581.4
1517822407.4	10579.2
1517822467.4	10577.9
1517822527.4	10579.3
1517822587.4	10578.7
1517822647.4	10580.6
1517822707.41	10581.5
1517822767.41	10579.8
1517822827.41	10580.5
1517822887.41	10580.7
1517822947.41	10580.4
1517823007.41	10581.7
1517823067.41	10580.5
1517823127.41	10582.2
1517823187.41	10580.9
1517823247.41	10580.8
1517823307.42	10579.2
1517823367.43	10581.6
1517823427.43	10583.2
1517823487.43	10581.9
1517823547.43	10583.4
1517823607.43	10582.8
1517823667.43	10583
1517823727.43	10585.3
1517823787.44	10581
1517823847.44	10580.7
1517823907.44	10584.1
1517823967.44	10583.9
1517824027.44	10580.6
1517824087.44	10581.9
1517824147.44	10581.2
1517824207.44	10581.6
1517824267.45	10584.2
1517824327.45	10581.6
1517824387.45	10581.8
1517824447.46	10582.7
1517824507.46	10582.9
1517824567.46	10583.8
1517824627.46	10583.6
1517824687.47	10583.5
1517824747.47	10582.4
1517824807.47	10581.1
1517824867.47	10583.3
1517824927.47	10581.9
1517824987.47	10583.1
1517825047.49	10584.4
1517825107.49	10578.3
1517825167.5	10581
1517825227.5	10583.5
1517825287.5	10582.8
1517825347.5	10580.3
1517825407.5	10579.9
1517825467.51	10580.3
1517825527.51	10581.9
1517825587.51	10583
1517825647.51	10581.1
1517825707.51	10578.6
1517825767.51	10580.4
1517825827.51	10582.3
1517825887.51	10579.5
1517825947.53	10581.4
1517826007.53	10579.3
1517826067.53	10580.5
1517826127.53	10579.1
1517826187.53	10580
1517826247.53	10581.7
1517826307.53	10581.5
1517826367.53	10579.7
1517826427.54	10578.9
1517826487.54	10582.3
1517826547.54	10579.4
1517826607.54	10580
1517826667.54	10578.4
1517826727.54	10579.1
1517826787.54	10579.8
1517826847.54	10578.5
1517826907.54	10580.1
1517826967.54	10577.3
1517827027.55	10578.4
1517827087.55	10578.8
1517827147.55	10579.4
1517827207.55	10579.6
1517827267.55	10578.4
1517827327.55	10579.9
1517827387.55	10576.2
1517827447.55	10577.4
1517827507.55	10579.4
1517827567.55	10577
1517827627.56	10577.3
1517827687.56	10578.1
1517827747.56	10574.4
1517827807.56	10578
1517827867.56	10576.4
1517827927.56	10575.9
1517827987.56	10575
1517828047.56	10574.4
1517828107.56	10573.3
1517828167.56	10573.8
1517828227.57	10573.3
1517828287.57	10572.6
1517828347.57	10573.7
1517828407.58	10573.9
1517828467.58	10573.4
1517828527.58	10574
1517828587.59	10574
1517828647.59	10573.3
1517828707.59	10574.8
1517828767.59	10574.4
1517828827.59	10573
1517828887.59	10570.5
1517828947.59	10572.7
1517829007.59	10571.2
1517829067.59	10573.4
1517829127.59	10569.9
1517829187.6	10571.5
1517829247.6	10571.7
1517829307.6	10571.5
1517829367.6	10569.7
1517829427.6	10569.9
1517829487.61	10569.3
1517829547.61	10570
1517829607.61	10567.2
1517829667.61	10569.8
1517829727.61	10567.7
1517829787.61	10568.6
1517829847.61	10571
1517829907.61	10569.1
1517829967.63	10569.2
1517830027.65	10568.9
1517830087.65	10569.8
1517830147.65	10570
1517830207.65	10567.7
1517830267.65	10566.1
1517830327.66	10566.2
1517830387.66	10568.2
1517830447.66	10566.4
1517830507.66	10568.7
1517830567.66	10565.2
1517830627.66	10566.2
1517830687.66	10565.5
1517830747.66	10564.6
1517830807.66	10565.5
1517830867.67	10563.2
1517830927.67	10563.8
1517830987.67	10565.5
1517831047.67	10565.8
1517831107.67	10564.3
1517831167.68	10565.4
1517831227.68	10564.1
1517831287.68	10562.9
1517831347.68	10565.4
1517831407.68	10566
1517831467.68	10564
1517831527.68	10564.6
1517831587.68	10564.5
1517831647.69	10563.2
1517831707.69	10563.3
1517831767.69	10562.8
1517831827.69	10564.3
1517831887.69	10562.2
1517831947.69	10560.5
1517832007.71	10562.2
1517832067.71	10563.5
1517832127.71	10562.5
1517832187.71	10563.1
1517832247.72	10562.1
1517832307.72	10559.6
1517832367.72	10562.2
1517832427.72	10560.5
1517832487.72	10558.4
1517832547.73	10561.9
1517832607.73	10559.9
1517832667.73	10558.5
1517832727.73	10561.3
1517832787.73	10561.1
1517832847.73	10560.6
1517832907.73	10562.7
1517832967.73	10561.2
1517833027.73	10560.3
1517833087.73	10558.8
1517833147.74	10560
1517833207.74	10559.1
1517833267.74	10559.5
1517833327.74	10561.3
1517833387.74	10558.6
1517833447.74	10556.3
1517833507.74	10557.3
1517833567.74	10558.6
1517833627.74	10558.3
1517833687.74	10557.9
1517833747.75	10556.6
1517833807.75	10557.5
1517833867.75	10557.9
1517833927.75	10557.2
1517833987.75	10555.8
1517834047.75	10559.4
1517834107.75	10556.8
1517834167.75	10557
1517834227.75	10557.1
1517834287.76	10556.4
1517834347.76	10556.6
1517834407.76	10556.7
1517834467.76	10557.2
1517834527.76	10556.4
1517834587.76	10554.6
1517834647.76	10556.8
1517834707.76	10555.6
1517834767.76	10556.1
1517834827.76	10556.8
1517834887.77	10556.6
1517834947.77	10556
1517835007.77	10557.7
1517835067.77	10558.9
1517835127.77	10556.9
1517835187.77	10557.8
1517835247.77	10556.9
1517835307.77	10556.8
1517835367.77	10557.8
1517835427.77	10556.1
1517835487.78	10555.7
1517835547.78	10555.6
1517835607.78	10554.8
1517835667.78	10554.1
1517835727.78	10554.7
1517835787.78	10554.7
1517835847.78	10556.4
1517835907.78	10555.1
1517835967.78	10553.4
1517836027.78	10554.4
1517836087.79	10554.3
1517836147.79	10554.1
1517836207.79	10555.1
1517836267.79	10553.8
1517836327.79	10553.9
1517836387.79	10553.2
1517836447.79	10552.7
1517836507.79	10554.6
1517836567.79	10551.7
1517836627.79	10553.8
1517836687.8	10551.8
1517836747.8	10553.3
1517836807.8	10553.4
1517836867.8	10555.3
1517836927.8	10552.8
1517836987.8	10551.6
1517837047.8	10550.6
1517837107.8	10552.7
1517837167.8	10552
1517837227.8	10549.4
1517837287.81	10550.7
1517837347.81	10550.9
1517837407.81	10551.1
1517837467.81	10554
1517837527.81	10550.9
1517837587.81	10550.5
1517837647.81	10550.7
1517837707.81	10548.5
1517837767.81	10551.1
1517837827.81	10548.3
1517837887.82	10548.7
1517837947.82	10548.8
1517838007.82	10549.2
1517838067.82	10547.4
1517838127.82	10548.7
1517838187.82	10548.4
1517838247.82	10549
1517838307.82	10547.2
1517838367.82	10544.7
1517838427.82	10545.6
1517838487.83	10548.1
1517838547.83	10546.1
1517838607.83	10547.5
1517838667.83	10547.7
1517838727.83	10546.3
1517838787.83	10546.3
1517838847.83	10545.8
1517838907.83	10544.4
1517838967.83	10544.8
1517839027.83	10545.9
1517839087.84	10545.4
1517839147.84	10545
1517839207.84	10542.3
1517839267.84	10542
1517839327.84	10542.3
1517839387.84	10543.8
1517839447.84	10543.3
1517839507.84	10542.8
1517839567.84	10544.4
1517839627.84	10543.4
1517839687.85	10542.7
1517839747.85	10541.9
1517839807.85	10541.3
1517839867.85	10541.6
1517839927.85	10541
1517839987.85	10542
1517840047.85	10540.4
1517840107.85	10540.4
1517840167.85	10541
1517840227.85	10540.7
1517840287.86	10541
1517840347.86	10540
1517840407.86	10539.3
1517840467.86	10540.6
1517840527.86	10538.3
1517840587.86	10539.7
1517840647.86	10539.5
1517840707.86	10538.7
1517840767.86	10538.4
1517840827.86	10539.1
1517840887.87	10539.2
1517840947.87	10538.1
1517841007.87	10538.6
1517841067.87	10536.8
1517841127.87	10538.5
1517841187.87	10539.4
1517841247.87	10537.8
1517841307.87	10537.6
1517841367.87	10539.1
1517841427.87	10538.5
1517841487.88	10538.2
1517841547.88	10539
1517841607.88	10538.7
1517841667.88	10539.1
1517841727.88	10538.9
1517841787.88	10536.6
1517841847.88	10536.3
1517841907.88	10534.7
1517841967.88	10537.2
1517842027.88	10535.2
1517842087.88	10536.1
1517842147.89	10536.2
1517842207.89	10537.9
1517842267.89	10536.7
1517842327.89	10538
1517842387.89	10538.7
1517842447.89	10536.5
1517842507.89	10537
1517842567.89	10538.4
1517842627.89	10537.8
1517842687.89	10536.6
1517842747.9	10537.4
1517842807.9	10536.4
1517842867.9	10535.7
1517842927.9	10535
1517842987.9	10536.6
1517843047.9	10536.2
1517843107.9	10535.6
1517843167.9	10536.5
1517843227.9	10535.2
1517843287.9	10535.5
1517843347.91	10535.6
1517843407.91	10534.4
1517843467.91	10534.9
1517843527.91	10534
1517843587.91	10534.3
1517843647.91	10534.9
1517843707.91	10533.8
1517843767.91	10535.1
1517843827.91	10533.2
1517843887.91	10534
1517843947.92	10534.8
1517844007.92	10533.3
1517844067.92	10533.9
1517844127.92	10534.5
1517844187.92	10534.5
1517844247.92	10533.2
1517844307.92	10534.3
1517844367.92	10533
1517844427.92	10536
1517844487.92	10533.8
1517844547.93	10533.3
1517844607.93	10534.1
1517844667.93	10532.5
1517844727.93	10534.6
1517844787.93	10533.7
1517844847.93	10534
1517844907.93	10532
1517844967.93	10533.9
1517845027.93	10537.3
1517845087.93	10534.6
1517845147.94	10534.2
1517845207.94	10534
1517845267.94	10532.1
1517845327.94	10535.1
1517845387.94	10532
1517845447.94	10532
1517845507.94	10534.1
1517845567.94	10533.8
1517845627.94	10532.9
1517845687.94	10533.7
1517845747.95	10532.5
1517845807.95	10532.7
1517845867.95	10533
1517845927.95	10532.6
1517845987.95	10531
1517846047.95	10531.2
1517846107.95	10531.5
1517846167.95	10529.7
1517846227.95	10530.6
1517846287.95	10530.5
1517846347.96	10530.2
1517846407.96	10531.2
1517846467.96	10530
1517846527.96	10529.8
1517846587.96	10530.3
1517846647.96	10530.8
1517846707.96	10531.7
1517846767.96	10529.6
1517846827.96	10528.5
1517846887.96	10529.3
1517846947.97	10529.3
1517847007.97	10530.8
1517847067.97	10529.5
1517847127.97	10530
1517847187.97	10529.9
1517847247.97	10529.7
1517847307.97	10529.4
1517847367.97	10529.3
1517847427.97	10529.2
1517847487.97	10529.9
1517847547.98	10528.6
1517847607.98	10531.6
1517847667.98	10528
1517847727.98	10528.4
1517847787.98	10528.2
1517847847.98	10527.6
1517847907.98	10527.6
1517847967.98	10528.3
1517848027.98	10527
1517848087.98	10527.8
1517848147.99	10527.9
1517848207.99	10527.2
1517848267.99	10528.9
1517848327.99	10528.4
1517848387.99	10529.2
1517848447.99	10527.1
1517848507.99	10528.5
1517848567.99	10529.4
1517848627.99	10528.8
1517848687.99	10526.9
1517848748.0	10528
1517848808.0	10525.8
1517848868.0	10525.7
1517848928.0	10526.7
1517848988.0	10528.2
1517849048.0	10528.3
1517849108.0	10525.2
1517849168.0	10528.6
1517849228.0	10527.6
1517849288.01	10526.6
1517849348.01	10524.1
1517849408.01	10523.7
1517849468.01	10524.3
1517849528.01	10525
