1517589783.82	9801.24
1517589843.82	9842.05
1517589903.82	9808.69
1517589963.82	9837.42
1517590023.82	9795.51
1517590083.82	9814.31
1517590143.83	9859.69
1517590203.83	9846.59
1517590263.83	9807.33
1517590323.83	9791.33
1517590383.83	9772.5
1517590443.83	9822.45
1517590503.83	9798.16
1517590563.83	9775.1
1517590623.83	9793.62
1517590683.83	9768.76
1517590743.84	9854.48
1517590803.84	9816.85
1517590863.84	9826.63
1517590923.84	9791.67
1517590983.84	9842.57
1517591043.84	9814.98
1517591103.84	9842.18
1517591163.84	9762.24
1517591223.84	9802.16
1517591283.84	9826.28
1517591343.85	9815.79
1517591403.85	9834.07
1517591463.85	9816.96
1517591523.85	9785.09
1517591583.85	9802.06
1517591643.85	9832.55
1517591703.85	9835.91
1517591763.85	9860.5
1517591823.85	9873.53
1517591883.85	9812.07
1517591943.86	9804.33
1517592003.86	9833.74
1517592063.86	9875.66
1517592123.86	9831.68
1517592183.86	9805.51
1517592243.86	9846.25
1517592303.86	9811.69
1517592363.86	9788.16
1517592423.86	9837.45
1517592483.86	9800.24
1517592543.87	9780.54
1517592603.87	9846.66
1517592663.87	9808.93
1517592723.87	9810.16
1517592783.87	9830.41
1517592843.87	9835.63
1517592903.87	9846.28
1517592963.87	9822.84
1517593023.87	9768.25
1517593083.87	9789.82
1517593143.88	9847.45
1517593203.88	9802.2
1517593263.88	9833.43
1517593323.88	9878.56
1517593383.88	9828.39
1517593443.88	9832.14
1517593503.88	9809.44
1517593563.88	9781.23
1517593623.88	9792.05
1517593683.88	9845.31
1517593743.88	9830.85
1517593803.89	9842.87
1517593863.89	9816.48
1517593923.89	9792.4
1517593983.89	9776.28
1517594043.89	9780.08
1517594103.89	9823.9
1517594163.89	9769
1517594223.89	9808.65
1517594283.89	9825.74
1517594343.89	9798.01
1517594403.9	9805.36
1517594463.9	9804.15
1517594523.9	9801.82
1517594583.9	9793.68
1517594643.9	9770.22
1517594703.9	9800.16
1517594763.9	9739.91
1517594823.9	9783.23
1517594883.9	9781.54
1517594943.9	9761.73
1517595003.91	9779.67
1517595063.91	9805.86
1517595123.91	9772.73
1517595183.91	9733.79
1517595243.91	9752.5
1517595303.91	9750.1
1517595363.91	9784.19
1517595423.91	9785.67
1517595483.91	9769.17
1517595543.91	9757.56
1517595603.92	9786.01
1517595663.92	9776.78
1517595723.92	9799.85
1517595783.92	9755.35
1517595843.92	9780.93
1517595903.92	9789.27
1517595963.92	9795.4
1517596023.92	9805.37
1517596083.92	9801.79
1517596143.92	9734.35
1517596203.93	9740.61
1517596263.93	9758.7
1517596323.93	9765.18
1517596383.93	9772.56
1517596443.93	9678.17
1517596503.93	10892.9
1517596563.93	11824.3
1517596623.93	11808.7
1517596683.93	11887.2
1517596743.93	11889.2
1517596803.94	11872.8
1517596863.94	11844.7
1517596923.94	11930.2
1517596983.94	11843.5
1517597043.94	12062.5
1517597103.94	12011.4
1517597163.94	11747
1517597223.94	11861.1
1517597283.94	12014.5
1517597343.94	11816.9
1517597403.95	11988.9
1517597463.95	11957.9
1517597523.95	11853.7
1517597583.95	11976.2
1517597643.95	11898.2
1517597703.95	12022.2
1517597763.95	11943.1
1517597823.95	11913.9
1517597883.95	12005.3
1517597943.95	11998.6
1517598003.96	12016.7
1517598063.96	12052.4
1517598123.96	12017.8
1517598183.96	11928.6
1517598243.96	12022.6
1517598303.96	12077.1
1517598363.96	11947.6
1517598423.96	11977
1517598483.96	11944.5
1517598543.96	11938.1
1517598603.97	11996.1
1517598663.97	11810.6
1517598723.97	12070
1517598783.97	12003.8
1517598843.97	12017.2
1517598903.97	12042.5
1517598963.97	11944.9
1517599023.97	11984.9
1517599083.97	11801.5
1517599143.97	11902
1517599203.98	11895.9
1517599263.98	11982.1
1517599323.98	11886.8
1517599383.98	11843.1
1517599443.98	11824
1517599503.98	11822.5
1517599563.98	11827.4
1517599623.98	11749.6
1517599683.98	11928.9
1517599743.98	11901.8
1517599803.99	11853.1
1517599863.99	11986.9
1517599923.99	11827
1517599983.99	11802.5
1517600043.99	11881.8
1517600103.99	11822.2
1517600163.99	11801.4
1517600223.99	11776.8
1517600283.99	11875.4
1517600343.99	11807.9
1517600404.0	11928.9
1517600464.0	11711.7
1517600524.0	11925.1
1517600584.0	11754.7
1517600644.0	11879.2
1517600704.0	11670.2
1517600764.0	11846
1517600824.0	11851.3
1517600884.0	11884
1517600944.01	11772.3
1517601004.01	11685.9
1517601064.01	11823.8
1517601124.01	11835.6
1517601184.01	11734.8
1517601244.01	11826.2
1517601304.01	11849.3
1517601364.01	11822.6
1517601424.01	11822.8
1517601484.01	11894
1517601544.02	11816.6
1517601604.02	11887.2
1517601664.02	11894.2
1517601724.02	11898.9
1517601784.02	11847.1
1517601844.02	11825.9
1517601904.02	11779.8
1517601964.02	11818.4
1517602024.02	11862.2
1517602084.02	11893
1517602144.03	11784.2
1517602204.03	11809
1517602264.03	11986.2
1517602324.03	11889.6
1517602384.03	11817.5
1517602444.03	11822.4
1517602504.03	11891.6
1517602564.03	11905.2
1517602624.03	11870.6
1517602684.03	11918.2
1517602744.04	11845.5
1517602804.04	11846.6
1517602864.04	11975.2
1517602924.04	11792.5
1517602984.04	11956.2
1517603044.04	11920.1
1517603104.04	11664.3
1517603164.04	11811
1517603224.04	11847.6
1517603284.04	11850
1517603344.05	11833.1
1517603404.05	11672.1
1517603464.05	11754.1
1517603524.05	11759.9
1517603584.05	11897.8
1517603644.05	11960.7
1517603704.05	12063.4
1517603764.05	11966.6
1517603824.05	11843.3
1517603884.05	11758.7
1517603944.06	11725.4
1517604004.06	11800.7
1517604064.06	11850
1517604124.06	11927.5
1517604184.06	11878
1517604244.06	11840.5
1517604304.06	11970.3
1517604364.06	11904.1
1517604424.06	11618
1517604484.06	11921.1
1517604544.07	11722.8
1517604604.07	11796.3
1517604664.07	11892.5
1517604724.07	11945
1517604784.07	11808.4
1517604844.07	11797.5
1517604904.07	11740.6
1517604964.07	11702.9
1517605024.07	11772.8
1517605084.07	11809.2
1517605144.08	11824.7
1517605204.08	11773.5
1517605264.08	11865.7
1517605324.08	11916.7
1517605384.08	11842.3
1517605444.08	11836.6
1517605504.08	11764.8
1517605564.08	11753
1517605624.08	11803.1
1517605684.08	11694
1517605744.09	11712.2
1517605804.09	11686.2
1517605864.09	11635
1517605924.09	11699.1
1517605984.09	11790.9
1517606044.09	11812
1517606104.09	11706.8
1517606164.09	11737.7
1517606224.09	11769.2
1517606284.09	11718.4
1517606344.1	11811.9
1517606404.1	11719.7
1517606464.1	11793.7
1517606524.1	11747.6
1517606584.1	11629
1517606644.1	11662.3
1517606704.1	11625.5
1517606764.1	11763.1
1517606824.1	11682.3
1517606884.1	11699.9
1517606944.11	11545.4
1517607004.11	11776.9
1517607064.11	11685.7
1517607124.11	11636.6
1517607184.11	11647.6
1517607244.11	11672
1517607304.11	11539.2
1517607364.11	11708.4
1517607424.11	11639
1517607484.11	11564.7
1517607544.12	11741.3
1517607604.12	11797
1517607664.12	11738.3
1517607724.12	11733.9
1517607784.12	11737.1
1517607844.12	11674.4
1517607904.12	11609.2
1517607964.12	11764.7
1517608024.12	11707.8
1517608084.12	11791.4
1517608144.12	11572.7
1517608204.13	11770.5
1517608264.13	11595
1517608324.13	11659.7
1517608384.13	11608.7
1517608444.13	11542.3
1517608504.13	11684.7
1517608564.13	11683.1
1517608624.13	11681.9
1517608684.13	11632
1517608744.13	11444.5
1517608804.14	11547.1
1517608864.14	11560.7
1517608924.14	11508.6
1517608984.14	11601
1517609044.14	11599.3
1517609104.14	11744
1517609164.14	11646.4
1517609224.14	11706.1
1517609284.14	11700.1
1517609344.14	11712.8
1517609404.15	11683.6
1517609464.15	11603.6
1517609524.15	11736.7
1517609584.15	11706.4
1517609644.15	11633.3
1517609704.15	11604.3
1517609764.15	11563.2
1517609824.15	11614.5
1517609884.15	11514.3
1517609944.15	11527
1517610004.16	11606.6
1517610064.16	11529.1
1517610124.16	11677.5
1517610184.16	11744.1
1517610244.16	11804.6
1517610304.16	11686.4
1517610364.16	11684
1517610424.16	11757
1517610484.16	11676.6
1517610544.16	11658.2
1517610604.17	11711.4
1517610664.17	11493.3
1517610724.17	11678.6
1517610784.17	11631.7
1517610844.17	11625.6
1517610904.17	11386.3
1517610964.17	10485.5
1517611024.17	10021.1
1517611084.17	10263
1517611144.17	10082.8
1517611204.18	9644.4
1517611264.18	10243.7
1517611324.18	9960.4
1517611384.18	10196.5
1517611444.18	10164.1
1517611504.18	10194.8
1517611564.18	10147.9
1517611624.18	10119.6
1517611684.18	10061.9
1517611744.18	11418.1
1517611804.19	11619.6
1517611864.19	11039.9
1517611924.19	11384.8
1517611984.19	11514.2
1517612044.19	11457.1
1517612104.19	11557.7
1517612164.19	11555.1
1517612224.19	11656.4
1517612284.19	11515.8
1517612344.19	11579.3
1517612404.2	11539.8
1517612464.2	11541.4
1517612524.2	11584.5
1517612584.2	11606.5
1517612644.2	11668.7
1517612704.2	11544.4
1517612764.2	11758.9
1517612824.2	11923.5
1517612884.2	11801.1
1517612944.2	11803.6
1517613004.21	11770.3
1517613064.21	11783.6
1517613124.21	11702.8
1517613184.21	11863.5
1517613244.21	11849.9
1517613304.21	11955
1517613364.21	11785.9
1517613424.21	11977.2
1517613484.21	12030.5
1517613544.21	12018.5
1517613604.22	12087.6
1517613664.22	12145.8
1517613724.22	12076.9
1517613784.22	12029
1517613844.22	12274.7
1517613904.22	12176.2
1517613964.22	12054.7
1517614024.22	12160.3
1517614084.22	12007.6
1517614144.22	12181.9
1517614204.23	12058.1
1517614264.23	12122.2
1517614324.23	12131.6
1517614384.23	12246.6
1517614444.23	12177.9
1517614504.23	12205.6
1517614564.23	12110
1517614624.23	12070.8
1517614684.23	12042
1517614744.23	12062.9
1517614804.24	12034
1517614864.24	11952.1
1517614924.24	11953.2
1517614984.24	11906.2
1517615044.24	11484.8
1517615104.24	11832.3
1517615164.24	11876.5
1517615224.24	11847.7
1517615284.24	11944.7
1517615344.24	11982.1
1517615404.25	11889.1
1517615464.25	11830
1517615524.25	11853.2
1517615584.25	11840.8
1517615644.25	12100.4
1517615704.25	11117.7
1517615764.25	11779.2
1517615824.25	11834.7
1517615884.25	11768.3
1517615944.26	11775.6
1517616004.26	11875.8
1517616064.26	11847.2
1517616124.26	11717.6
1517616184.26	11450.7
1517616244.26	11880.1
1517616304.26	11706.2
1517616364.26	11816.9
1517616424.26	11768.6
1517616484.26	11784.2
1517616544.27	11627.8
1517616604.27	11841.1
1517616664.27	11691.8
1517616724.27	11837.3
1517616784.27	11771.2
1517616844.27	11708.7
1517616904.27	11894.3
1517616964.27	11763.8
1517617024.27	11882
1517617084.27	11816.8
1517617144.28	11683.3
1517617204.28	11802.7
1517617264.28	11816.2
1517617324.28	11819.5
1517617384.28	11849.1
1517617444.28	11781.4
1517617504.28	11694.9
1517617564.28	11723.8
1517617624.28	11762.3
1517617684.28	11759
1517617744.29	11702.1
1517617804.29	11643.4
1517617864.29	11758.6
1517617924.29	11237.2
1517617984.29	11749.3
1517618044.29	11609.3
1517618104.29	11700.5
1517618164.29	11781.1
1517618224.29	11844
1517618284.29	11744.1
1517618344.3	11464.5
1517618404.3	11077.7
1517618464.3	11278.4
1517618524.3	11288.2
1517618584.3	11243.8
1517618644.3	11406.1
1517618704.3	11197.9
1517618764.3	11566.5
1517618824.3	11429.9
1517618884.3	11360.7
1517618944.31	11425.2
1517619004.31	11376.3
1517619064.31	11369.3
1517619124.31	11441.5
1517619184.31	11352.5
1517619244.31	11358
1517619304.31	11318.8
1517619364.31	11400.3
1517619424.31	11541.7
1517619484.31	11351.1
1517619544.32	11315
1517619604.32	11433.6
1517619664.32	11095.7
1517619724.32	11000.2
1517619784.32	10989.4
1517619844.32	10958.9
1517619904.32	10941.5
1517619964.32	10914.8
1517620024.32	10901
1517620084.32	10854.2
1517620144.33	10890.6
1517620204.33	10865.6
1517620264.33	10836.6
1517620324.33	11104.4
1517620384.33	11302.4
1517620444.33	11139.1
1517620504.33	11184.9
1517620564.33	11261.2
1517620624.33	11293.7
1517620684.33	11226.7
1517620744.34	11312.6
1517620804.34	11186.5
1517620864.34	11358
1517620924.34	11256.5
1517620984.34	11200
1517621044.34	11328.2
1517621104.34	11272.9
1517621164.34	11471.8
1517621224.34	11024.1
1517621284.34	10900.9
1517621344.35	10907.7
1517621404.35	10884.7
1517621464.35	10863.5
1517621524.35	10853.1
1517621584.35	10839
1517621644.35	10820.5
1517621704.35	10811.3
1517621764.35	10805.5
1517621824.35	10770.4
1517621884.35	10800.9
1517621944.36	10769.9
1517622004.36	10758.1
1517622064.36	10749.6
1517622124.36	10751.1
1517622184.36	10739.2
1517622244.36	10724.1
1517622304.36	10729.1
1517622364.36	10712.8
1517622424.36	10722.9
1517622484.36	10713
1517622544.37	10704.1
1517622604.37	10704.4
1517622664.37	10701.3
1517622724.37	10697.9
1517622784.37	10699.8
1517622844.37	10681.3
1517622904.37	10675
1517622964.37	10669.9
1517623024.37	10658.1
1517623084.37	10656.2
1517623144.38	10661.7
1517623204.38	10653.7
1517623264.38	10640.1
1517623324.38	10634.8
1517623384.38	10607.1
1517623444.38	10626
1517623504.38	10621.6
1517623564.38	10578.1
1517623624.38	10621.4
1517623684.38	10623.8
1517623744.38	10621.2
1517623804.39	10598.5
1517623864.39	10603.8
1517623924.39	10602.2
1517623984.39	10591
1517624044.39	10589.1
1517624104.39	10584.8
1517624164.39	10536.9
1517624224.39	10590
1517624284.39	10580.7
1517624344.39	10577
1517624404.4	10573.7
1517624464.4	10562.7
1517624524.4	10565.2
1517624584.4	10551.3
1517624644.4	10567
1517624704.4	10544.8
1517624764.4	10541.1
1517624824.4	10538.5
1517624884.4	10536.1
1517624944.4	10536.8
1517625004.41	10547.3
1517625064.41	10541.9
1517625124.41	10509.1
1517625184.41	10540.3
1517625244.41	10538.8
1517625304.41	10534.7
1517625364.41	10534
1517625424.41	10534.8
1517625484.41	10527.3
1517625544.41	10532
1517625604.42	10526.4
1517625664.42	10524.3
1517625724.42	10528.3
1517625784.42	10526.4
1517625844.42	10522.8
1517625904.42	10507.3
1517625964.42	10502.1
1517626024.42	10515.3
1517626084.42	10513.5
1517626144.42	10507.9
1517626204.43	10508.8
1517626264.43	10505.5
1517626324.43	10506.5
1517626384.43	10503.5
1517626444.43	10501.5
1517626504.43	10501.8
1517626564.43	10502.5
1517626624.43	10531.6
1517626684.43	10506.3
1517626744.43	10495.4
1517626804.44	10499.3
1517626864.44	10495.7
1517626924.44	10492.9
1517626984.44	10495.7
1517627044.44	10485.4
1517627104.44	10487.1
1517627164.44	10483.3
1517627224.44	10487.7
1517627284.44	10489
1517627344.44	10480.4
1517627404.45	10476
1517627464.45	10482.3
1517627524.45	10474.5
1517627584.45	10481.6
1517627644.45	10478.2
